ETA,PHI,PT
-1.6604, 1.3118, 100.947
-1.44792, 1.26122, 1.51434
-1.76316, 1.16212, 0.472631
-1.75598, 1.43489, 2.98659
-1.77731, 1.34304, 1.62042
-1.5653, 1.25465, 3.6501
-1.65055, 1.21317, 6.69218
-1.64402, 1.37214, 9.89551
-1.64967, 1.37579, 5.66909
-1.70448, 1.3553, 0.938267
-1.67206, 1.36305, 5.05821
-1.64209, 1.34944, 3.32479
-1.61835, 1.3008, 7.64118
-1.63884, 1.29043, 4.52052
-1.65377, 1.28523, 4.03053
-1.67397, 1.28213, 17.0662
-1.66525, 1.30619, 5.34377
-1.67283, 1.31079, 4.44688
-1.68081, 1.31435, 16.1952
@@@,@@@,@@@
2.40465, 2.38753, 103.832
2.01447, 2.41495, 1.32994
2.17511, 2.1401, 2.72673
2.37854, 2.04579, 0.350983
2.33487, 2.06258, 0.774119
2.38494, 2.07332, 8.97249
2.45087, 2.14352, 7.78547
2.38638, 2.1531, 2.58927
2.09741, 2.41498, 0.828271
2.47766, 2.2241, 7.80944
2.38183, 2.2122, 2.00354
2.16827, 2.40953, 4.35328
2.41558, 2.26423, 2.05334
2.30566, 2.29163, 0.702559
2.27835, 2.30425, 0.211275
2.16938, 2.4891, 4.66921
2.47696, 2.73201, 1.27247
2.36752, 2.66282, 0.673287
2.36207, 2.65063, 2.07853
2.31457, 2.4414, 0.583619
2.41437, 2.40454, 2.75587
2.38812, 2.5534, 9.69791
2.46546, 2.51437, 5.87866
2.4242, 2.47769, 9.88839
2.41689, 2.49624, 7.97738
2.41519, 2.48702, 0.225343
2.43564, 2.52418, 9.0445
2.42599, 2.51201, 1.99142
2.42475, 2.51296, 6.26008
@@@,@@@,@@@
-0.717891, 1.16893, 102.794
-0.336819, 1.09841, 1.97763
-0.936943, 1.46146, 0.440384
-1.0096, 1.32021, 0.876019
-0.437305, 1.04313, 0.112415
-0.493869, 1.28842, 1.88758
-0.505649, 1.05243, 1.99071
-0.624908, 1.40064, 0.999346
-0.756821, 1.39983, 1.52679
-0.503208, 1.17458, 2.4065
-0.577663, 1.31787, 0.237956
-0.931404, 1.20857, 1.27442
-0.590296, 1.26298, 4.30425
-0.570583, 1.1014, 4.88637
-0.836978, 1.08285, 4.42893
-0.844244, 1.13454, 4.61643
-0.826339, 1.21515, 8.36128
-0.80595, 1.23399, 3.9021
-0.828916, 1.11437, 4.63899
-0.818621, 1.16687, 5.03899
-0.694872, 1.09207, 4.97875
-0.742209, 1.10052, 4.3602
-0.736416, 1.09701, 6.51231
-0.736247, 1.23676, 0.456173
-0.73628, 1.22987, 0.413646
-0.74761, 1.19538, 8.33321
-0.699631, 1.16964, 8.21271
-0.636039, 1.23996, 0.70421
-0.647422, 1.16638, 3.16756
-0.630423, 1.18017, 12.0032
@@@,@@@,@@@
-1.53507, 4.84425, 105.4
-1.45288, 5.2133, 2.29172
-1.67212, 5.11935, 0.490987
-1.37007, 5.05664, 0.318901
-1.28176, 4.82975, 1.23487
-1.29846, 4.80156, 1.76133
-1.4416, 5.03182, 0.607951
-1.64325, 4.65319, 0.213557
-1.35232, 4.78967, 1.44948
-1.42312, 4.94244, 0.612294
-1.4863, 4.68056, 2.06981
-1.40928, 4.88972, 5.25391
-1.6532, 4.84105, 4.19163
-1.62889, 4.90095, 2.04256
-1.6402, 4.86578, 7.06597
-1.57493, 4.75941, 0.652515
-1.60863, 4.7972, 3.2749
-1.49455, 4.87903, 1.36799
-1.57276, 4.86778, 11.4783
-1.47892, 4.80377, 2.34252
-1.47991, 4.82102, 3.16243
-1.52234, 4.79594, 3.99551
-1.52218, 4.7914, 6.64195
-1.52116, 4.78963, 2.14448
-1.56169, 4.84711, 1.18525
-1.51391, 4.84368, 9.08024
-1.53977, 4.81024, 1.5288
-1.53688, 4.83121, 26.6023
-1.54688, 4.83548, 2.60987
@@@,@@@,@@@
-1.4386, 3.84503, 103.596
-1.975, 3.70791, 0.201664
-1.65435, 3.59626, 0.486234
-1.68437, 3.60965, 0.745181
-1.44936, 3.53064, 1.33184
-1.69843, 4.0129, 1.35681
-1.63561, 4.07987, 0.618624
-1.24786, 4.08344, 0.775756
-1.71632, 3.89433, 0.721039
-1.62482, 4.03252, 1.05822
-1.41515, 3.71442, 0.167446
-1.28595, 3.66096, 1.20631
-1.22522, 3.738, 1.5697
-1.58515, 3.70045, 3.17519
-1.61163, 3.7547, 0.379252
-1.33546, 4.01676, 2.17711
-1.5625, 3.95654, 0.848193
-1.50117, 3.94178, 0.304524
-1.31364, 3.80218, 1.40655
-1.50231, 3.89074, 2.70108
-1.47436, 3.82648, 24.0232
-1.45572, 3.84921, 0.574213
-1.39187, 3.78295, 0.360122
-1.41575, 3.79001, 5.1002
-1.35712, 3.90891, 3.21374
-1.35685, 3.82887, 4.06762
-1.43097, 3.8365, 4.57952
-1.41443, 3.8679, 11.6241
-1.37293, 3.86861, 3.02644
-1.388, 3.86684, 23.6473
-1.39156, 3.8785, 2.46743
@@@,@@@,@@@
-0.858295, 2.47579, 102.969
-0.87403, 2.0997, 0.465196
-1.42938, 2.76717, 0.119904
-0.612636, 2.24187, 1.47487
-0.87202, 2.80762, 0.232952
-1.11738, 2.67071, 1.57628
-0.531889, 2.4826, 0.0222092
-0.594827, 2.59242, 1.98858
-1.0411, 2.69744, 0.575523
-1.13183, 2.4991, 0.407999
-1.02803, 2.26724, 1.29851
-0.775084, 2.23828, 0.218502
-0.9707, 2.25259, 0.558301
-1.03665, 2.61495, 0.859896
-0.865179, 2.34986, 3.92228
-0.84804, 2.4319, 5.16926
-0.852815, 2.47282, 1.70598
-0.845101, 2.44241, 2.10864
-0.79492, 2.45192, 1.09353
-0.821708, 2.48402, 3.55643
-0.825728, 2.45705, 14.6516
-0.817433, 2.46089, 9.25898
-0.835165, 2.5173, 0.588158
-0.849261, 2.51602, 7.2539
-0.851416, 2.50111, 12.1486
-0.878313, 2.48643, 17.678
-0.880548, 2.50698, 14.2989
@@@,@@@,@@@
-0.890811, 1.1449, 107.015
-1.23117, 1.32387, 0.150223
-0.873191, 0.794246, 1.61083
-0.718417, 1.01811, 0.227449
-1.1475, 1.03226, 0.772227
-0.980933, 0.901067, 0.756883
-0.952357, 0.923764, 1.47119
-1.02434, 1.20858, 1.77055
-0.908356, 1.01431, 1.33342
-1.00839, 1.19379, 0.575456
-0.836386, 1.22479, 3.61624
-0.860693, 1.21056, 0.815383
-0.894119, 1.10749, 0.80428
-0.913043, 1.17844, 9.60615
-0.901954, 1.13467, 21.9042
-0.898194, 1.14217, 2.92978
-0.875521, 1.14586, 11.783
-0.866556, 1.14264, 18.161
-0.882755, 1.18576, 3.62328
-0.878015, 1.16804, 9.97151
-0.866861, 1.1729, 15.3454
@@@,@@@,@@@
0.505477, 0.593213, 108.7
0.696046, 0.26399, 0.231812
0.543376, 0.898512, 0.512597
0.227869, 0.634054, 0.0372203
0.81895, 0.349539, 0.135879
0.598392, 0.36179, 0.12504
0.717189, 0.710546, 0.978847
0.333928, 0.461208, 0.182003
0.325107, 0.491527, 0.017743
0.584738, 0.736494, 3.04313
0.636483, 0.569651, 5.0387
0.602566, 0.634994, 2.39451
0.525632, 0.692038, 1.69496
0.58437, 0.590967, 9.17631
0.450249, 0.515981, 7.38387
0.415807, 0.542318, 0.425884
0.500771, 0.666949, 1.41298
0.478147, 0.53333, 2.94542
0.516819, 0.560058, 1.77698
0.47785, 0.570124, 9.25199
0.489839, 0.579763, 9.18489
0.470381, 0.600076, 21.9075
0.484904, 0.600922, 30.9742
@@@,@@@,@@@
-1.95164, 1.24997, 107.446
-1.7131, 0.951465, 3.31306
-1.72946, 0.957816, 0.251249
-2.14304, 0.926482, 0.806121
-2.09679, 1.40024, 1.12858
-1.9418, 1.43134, 0.105331
-2.03396, 1.21761, 3.20272
-2.00565, 1.31432, 0.90555
-1.96915, 1.32355, 2.38361
-1.97963, 1.31588, 1.60306
-1.89432, 1.25889, 1.07937
-1.99829, 1.24824, 1.21486
-1.96111, 1.30313, 5.12979
-1.95618, 1.2861, 11.2904
-1.95776, 1.22125, 1.2515
-1.95962, 1.23371, 15.9382
-1.92304, 1.24576, 1.74552
-1.92411, 1.26959, 7.38193
-1.93932, 1.24256, 6.99399
-1.93452, 1.25065, 8.92973
-1.93969, 1.25981, 7.29853
-1.95993, 1.25882, 9.46659
-1.95312, 1.26466, 16.2746
@@@,@@@,@@@
1.34046, 5.96274, 108.369
1.08826, 5.67235, 0.0616797
1.53124, 5.60921, 0.206307
1.45411, 6.25219, 0.520316
1.29439, 5.76263, 0.226855
1.19944, 5.95268, 8.57886
1.4853, 5.98942, 2.86795
1.24642, 5.90027, 7.00206
1.29181, 5.97039, 15.3126
1.30861, 5.98914, 6.55156
1.35899, 5.97166, 3.42136
1.34772, 5.97141, 18.5387
1.34782, 5.96578, 4.98923
1.39002, 5.97065, 24.5981
1.39491, 5.96085, 3.52053
1.37859, 5.94318, 9.47799
1.37186, 5.93662, 2.55827
@@@,@@@,@@@
1.90708, 2.0168, 108.376
1.92503, 2.32067, 1.82746
2.04247, 2.03628, 4.35309
1.99123, 1.95371, 0.443343
1.84086, 2.03484, 4.35602
1.91334, 2.06657, 2.2766
1.92816, 1.96887, 5.35817
1.89126, 1.96735, 2.98827
1.85856, 2.01223, 6.09551
1.87209, 2.01692, 14.5627
1.88215, 2.00131, 10.9183
1.89706, 1.98868, 8.81541
1.92182, 2.02296, 36.6001
1.90696, 1.99922, 9.88723
@@@,@@@,@@@
0.569078, 0.0730993, 104.969
0.784388, 0.391471, 0.525865
0.600941, 0.391613, 0.951093
0.938184, 0.371739, 0.275997
0.283526, 0.0833919, 2.18175
0.50091, 0.329828, 0.641879
0.568144, 0.311866, 0.325832
0.428815, 6.2648, 1.02398
0.757033, 0.0543846, 2.51286
0.737949, 6.2366, 2.21496
0.723868, 0.0802671, 4.10248
0.632201, 6.28228, 6.04332
0.608997, 6.27481, 2.55438
0.625871, 0.138435, 2.22928
0.634472, 0.111773, 0.814969
0.605457, 0.140987, 6.5571
0.604516, 6.28118, 0.519963
0.571529, 6.28064, 7.65659
0.468173, 0.0901075, 1.69224
0.589533, 0.0396779, 1.04742
0.778968, 0.122963, 0.951684
0.569566, 0.073384, 13.0773
0.505695, 0.0512862, 5.01675
0.519663, 0.0839407, 22.6503
0.528321, 0.0730741, 6.35139
0.530279, 0.0760446, 13.2605
@@@,@@@,@@@
0.79364, 3.26078, 103.222
0.673153, 2.98258, 0.629682
0.539938, 3.40677, 1.03468
1.01843, 3.14968, 0.59208
0.978177, 3.25138, 2.57368
0.624965, 3.25133, 3.00526
0.676421, 3.32321, 1.45603
0.746028, 3.31256, 2.41523
0.749289, 3.21912, 6.18687
0.760019, 3.24399, 9.48778
0.754802, 3.23939, 9.05837
0.782111, 3.30988, 3.9508
0.792653, 3.31347, 3.46813
0.856497, 3.28719, 7.40886
0.804532, 3.2209, 7.4499
0.837839, 3.27613, 4.00018
0.825072, 3.25029, 9.60586
0.785887, 3.25468, 1.50698
0.798141, 3.25557, 6.48606
0.80755, 3.2707, 13.1109
0.805099, 3.28231, 9.87041
@@@,@@@,@@@
-0.60227, 3.80278, 104.158
-0.845246, 3.51472, 0.924633
-0.738107, 3.46335, 0.795509
-0.749499, 3.56394, 0.235741
-0.721687, 3.57545, 1.00534
-0.807858, 3.84637, 9.82668
-0.744173, 3.70624, 1.97394
-0.752564, 3.75854, 5.92778
-0.616328, 3.91498, 7.2656
-0.672727, 3.79932, 1.02468
-0.502862, 3.91834, 0.156062
-1.31949, 3.79181, 0.0392528
-0.499143, 3.87745, 1.3593
-0.511018, 3.85361, 8.66247
-0.560985, 3.83108, 2.24296
-0.558811, 3.82767, 2.55965
-0.579856, 3.80489, 6.21408
-0.569825, 3.80872, 6.32162
-0.536183, 3.80564, 7.80962
-0.527276, 3.78995, 7.16262
-0.540583, 3.79889, 6.13375
-0.55219, 3.77962, 25.8097
-0.535154, 3.77963, 0.919161
@@@,@@@,@@@
0.156672, 5.8512, 109.263
0.537074, 5.90652, 1.85554
0.298384, 5.50551, 0.660723
0.137665, 6.1752, 0.58512
-0.00101678, 5.6001, 0.317766
0.131582, 5.57686, 2.84032
-0.139122, 5.92392, 0.159343
0.375971, 5.76491, 2.23817
0.283368, 6.02176, 2.7845
0.267557, 5.70354, 0.0711526
0.15219, 5.65983, 0.0710026
0.302926, 5.80133, 3.20638
0.260878, 5.92756, 2.01442
0.269323, 5.80963, 2.86873
0.00904847, 5.93872, 0.612921
0.241988, 5.87336, 8.70149
0.173848, 5.94934, 1.12302
0.184914, 5.79822, 5.36122
0.049787, 5.81329, 3.34167
0.0358117, 5.86768, 1.22276
0.124415, 5.80565, 2.7451
0.140067, 5.85891, 27.5606
0.147056, 5.84826, 4.07091
0.0773007, 5.91229, 1.59207
0.0911969, 5.83853, 1.35462
0.0910665, 5.84725, 4.29237
0.0934469, 5.86688, 20.5355
0.0824757, 5.88038, 7.36019
@@@,@@@,@@@
0.257863, 1.66772, 104.518
-0.110863, 1.63733, 0.195535
0.247362, 1.31853, 0.973058
0.432809, 1.36563, 0.564911
0.0725282, 1.88214, 0.619538
0.101517, 1.49483, 1.27962
0.174138, 1.85414, 1.68292
0.0937391, 1.72202, 5.2186
0.350072, 1.81632, 0.594219
0.137042, 1.75823, 3.19565
0.145376, 1.75971, 1.11166
0.179159, 1.77859, 6.75411
0.281992, 1.81277, 2.66096
0.146552, 1.73779, 0.988902
0.169874, 1.76134, 5.85949
0.417424, 1.73879, 1.18859
0.205507, 1.76206, 2.44748
0.214053, 1.75698, 0.960584
0.230346, 1.75623, 3.06716
0.19471, 1.7295, 2.99271
0.218764, 1.70001, 4.06186
0.21854, 1.68194, 2.45862
0.206941, 1.66547, 2.84646
0.217407, 1.66933, 4.75524
0.284609, 1.70387, 3.99356
0.314122, 1.48043, 0.79651
0.442473, 1.55649, 2.7093
0.429075, 1.49194, 0.222927
0.340323, 1.51136, 2.33554
0.303321, 1.63334, 8.88489
0.368931, 1.60671, 5.51957
0.363552, 1.57958, 0.400482
0.322903, 1.58886, 23.3514
0.304933, 1.57553, 0.296435
@@@,@@@,@@@
1.6467, 0.670095, 101.016
1.33364, 0.510926, 0.48996
1.71189, 1.02047, 0.0374907
1.36559, 0.691062, 0.0562132
1.59161, 0.44318, 5.78657
1.4515, 0.820898, 1.09784
1.55402, 0.892862, 0.671225
1.52954, 0.877629, 2.77802
1.70215, 0.535261, 2.97702
1.52763, 0.608367, 1.44189
1.6289, 0.541724, 1.13129
1.55056, 0.608802, 0.657988
1.5556, 0.643551, 1.74562
1.55972, 0.697623, 1.85457
1.70851, 0.604102, 4.11047
1.63557, 0.598774, 5.75296
1.59539, 0.645399, 5.47938
1.72518, 0.732383, 2.56234
1.6, 0.686765, 1.11004
1.61558, 0.662778, 4.18972
1.71404, 0.665706, 1.55647
1.6299, 0.6788, 1.47456
1.65556, 0.660124, 5.75171
1.67566, 0.673203, 8.56564
1.67982, 0.665269, 5.15118
1.68863, 0.762926, 2.18047
1.63139, 0.704614, 4.54861
1.66948, 0.740439, 4.31957
1.67422, 0.714759, 1.04375
1.65916, 0.713052, 4.9249
1.66491, 0.722912, 17.9398
@@@,@@@,@@@
-0.0763917, 1.05569, 103.282
0.0935858, 1.397, 0.410771
-0.189286, 1.42073, 0.323338
0.836438, 1.20599, 0.278141
0.0917842, 1.385, 1.08019
0.123927, 1.34375, 3.13171
0.329033, 0.985045, 0.691717
0.266268, 1.05023, 1.95941
0.0771946, 1.34501, 1.99361
-0.384826, 1.25033, 0.186656
0.0998705, 1.32433, 1.11714
0.2043, 1.10564, 0.266116
0.153584, 0.861988, 0.18222
0.144084, 0.879821, 0.0834881
-0.549646, 0.951224, 0.119733
-0.196666, 1.28197, 0.0759458
-0.352779, 1.10669, 0.0294254
-0.143173, 1.27182, 1.38019
-0.111109, 0.799317, 0.0461262
0.00359769, 1.21226, 1.70299
-0.30773, 1.07442, 2.14208
-0.275768, 1.11111, 0.106398
-0.264014, 0.982253, 6.72415
-0.215649, 0.900426, 0.963197
-0.0150768, 1.18647, 0.982145
-0.0520908, 1.19047, 0.397514
0.0550339, 1.10693, 2.45747
-0.229993, 0.948961, 0.638855
-0.242851, 1.01462, 0.615259
-0.120796, 0.877206, 2.37125
-0.170219, 0.965383, 1.56138
-0.126203, 0.970773, 4.06984
-0.120032, 0.972284, 1.75266
-0.107134, 1.08731, 4.36122
-0.105173, 1.042, 19.3741
-0.0655036, 1.02585, 36.9833
-0.079059, 0.986058, 3.29026
@@@,@@@,@@@
-2.23232, 1.03491, 101.141
-2.23133, 0.638293, 0.607502
-2.46411, 0.725195, 0.402571
-2.10483, 1.33861, 1.42575
-2.28812, 0.711557, 0.127661
-2.26261, 1.28651, 0.0642275
-2.19979, 1.25464, 0.249378
-2.39675, 0.938674, 0.906218
-2.29275, 0.877034, 2.10491
-2.23309, 1.20363, 2.53629
-2.07182, 1.00558, 1.50075
-2.07245, 1.03777, 3.21626
-2.14624, 0.93783, 7.29746
-2.40159, 1.01502, 0.484513
-2.19547, 1.14653, 5.33297
-2.24491, 0.947624, 6.36512
-2.17933, 0.986796, 11.1066
-2.33305, 1.02432, 1.44087
-2.25765, 1.12042, 0.95498
-2.23019, 1.11429, 5.93341
-2.23086, 1.11038, 4.3483
-2.24785, 0.980285, 3.04157
-2.21745, 0.993614, 0.997575
-2.25015, 1.00301, 7.7772
-2.2381, 1.05438, 1.70722
-2.23084, 1.03882, 8.7677
-2.23838, 1.04195, 1.70154
-2.24874, 1.10103, 0.69602
-2.2764, 1.09245, 2.68003
-2.29009, 1.07758, 4.09095
-2.29485, 1.05206, 1.3816
-2.26959, 1.05561, 10.7468
-2.29141, 1.0553, 1.52188
@@@,@@@,@@@
-0.0434893, 4.01361, 100.512
0.234963, 4.16039, 0.506863
-0.023855, 4.4151, 0.202772
-0.130181, 3.83668, 2.8508
-0.170652, 3.85088, 3.28838
-0.188362, 4.01363, 1.31684
-0.140769, 4.22839, 0.243747
-0.162266, 4.21053, 0.330686
-0.173304, 4.18933, 6.52549
-0.190398, 4.16066, 16.8043
-0.0696123, 4.21246, 1.76378
-0.0789522, 4.04268, 1.07866
-0.0641793, 4.07159, 3.35398
-0.112608, 4.13008, 4.45822
-0.101322, 4.12272, 18.7713
0.0695862, 3.64365, 0.147781
0.143723, 3.66742, 0.842464
0.143124, 4.05555, 0.102897
0.271572, 3.86114, 0.409921
0.147124, 3.71306, 0.998654
-0.0286742, 3.88627, 5.13385
0.147898, 3.78501, 2.10562
0.0783509, 3.79262, 1.69855
0.136182, 3.90801, 11.6529
0.0983717, 3.84063, 3.6875
0.101982, 3.83273, 1.46397
0.103169, 3.87046, 8.73173
0.0831339, 3.88289, 3.13363
@@@,@@@,@@@
1.86167, 6.06656, 106.167
2.01581, 5.66973, 0.220509
1.51992, 6.26982, 1.51809
2.04746, 0.0936472, 1.21608
1.58901, 5.81653, 0.250729
2.17513, 5.90985, 1.04067
1.57758, 6.23919, 1.11539
1.9301, 5.77977, 0.279564
2.00598, 6.25134, 2.07122
1.87115, 0.0178155, 0.768751
1.93255, 5.83014, 0.343833
1.64143, 6.11525, 2.81319
1.85877, 5.85577, 3.11558
2.04974, 6.09817, 0.479259
1.68228, 6.1247, 1.64554
1.74782, 6.19796, 2.4635
2.02522, 6.01374, 0.133432
1.75553, 5.93574, 1.73062
1.88427, 5.96049, 2.74559
1.9038, 5.92269, 2.62521
1.92297, 5.94412, 8.39495
1.8069, 5.96086, 2.79523
1.77111, 6.13212, 10.0535
1.77045, 6.11133, 1.39143
1.78321, 6.07879, 9.89515
1.81151, 6.07571, 2.26442
1.84957, 5.95983, 1.09567
1.85909, 6.00728, 10.9565
1.89931, 6.03131, 5.27014
1.92968, 6.20109, 0.258412
1.95263, 6.10566, 4.43255
1.90133, 6.09099, 10.8683
1.91262, 6.14624, 10.7578
1.90336, 6.12627, 1.70817
@@@,@@@,@@@
0.696184, 1.13643, 101.111
0.887151, 1.47578, 0.994679
0.398974, 0.93229, 0.428301
1.05539, 0.982071, 0.330252
0.482806, 1.40066, 0.122388
0.585507, 0.825306, 1.33608
0.4004, 1.23951, 0.415332
0.991991, 1.0328, 0.568801
0.530958, 0.880237, 0.169073
0.557463, 1.33263, 0.363062
0.5479, 1.25958, 6.9931
0.702213, 0.946108, 1.92948
0.791136, 1.00089, 2.11815
0.748337, 1.28483, 0.826453
0.678768, 0.990313, 2.76772
0.810164, 1.20293, 4.45919
0.654339, 1.0189, 3.12897
0.608256, 1.06938, 1.30653
0.729782, 1.0365, 1.43404
0.76562, 1.0685, 6.40766
0.761153, 1.06056, 1.812
0.647426, 1.06481, 7.04214
0.663253, 1.06654, 0.402975
0.793325, 1.12711, 0.660617
0.698517, 1.07569, 5.34985
0.634661, 1.09637, 0.348399
0.628857, 1.23223, 4.32031
0.684867, 1.085, 0.85124
0.756468, 1.19548, 8.83591
0.668458, 1.10047, 0.986622
0.682188, 1.12998, 10.5437
0.723924, 1.16947, 2.85882
0.686233, 1.18447, 14.3114
0.671995, 1.1961, 7.14749
@@@,@@@,@@@
-0.0177095, 1.23257, 100.596
0.0740981, 0.878625, 4.19615
0.236539, 0.988308, 4.57893
0.123847, 0.916928, 0.0320735
0.165479, 0.972412, 11.0101
-0.213646, 0.93823, 0.950922
0.306629, 1.35376, 0.315046
0.237382, 1.04711, 0.743136
0.217621, 1.49898, 0.0783821
0.0918759, 1.60582, 0.602459
0.144397, 1.56938, 2.58445
-0.150746, 1.62838, 1.49052
-0.0813758, 0.977389, 3.94777
-0.148536, 0.996253, 0.781944
-0.0651059, 1.62593, 0.270984
0.004082, 1.59378, 1.51009
0.181093, 1.45489, 0.48818
0.121345, 1.08854, 0.39265
0.0848678, 1.52783, 0.974225
0.113016, 1.1166, 0.971998
0.0599302, 1.12866, 2.81741
-0.0896214, 1.51814, 0.833932
0.0894203, 1.40513, 1.50778
0.0660944, 1.20784, 1.71521
-0.085239, 1.14687, 1.08043
0.043657, 1.31111, 1.10577
-0.0222254, 1.40298, 2.65768
-0.0696542, 1.38662, 4.15601
-0.0385088, 1.32573, 17.3597
-0.0578827, 1.21892, 4.14439
-0.154835, 1.39015, 0.602771
-0.15441, 1.32476, 0.545918
-0.134722, 1.27882, 15.8758
-0.158203, 1.29497, 12.0274
@@@,@@@,@@@
0.281691, 4.28032, 106.595
0.308681, 3.90207, 0.185475
0.387709, 3.95043, 0.579241
0.145338, 3.97898, 0.137641
0.597742, 4.00105, 0.135939
0.259363, 3.96777, 0.0356778
0.457164, 4.08139, 1.25248
0.305227, 4.038, 2.93139
0.0337734, 4.28679, 0.0379129
0.434851, 4.39218, 1.39475
0.107865, 4.3123, 3.38052
0.208214, 4.16108, 4.6394
0.379211, 4.23062, 5.58003
0.375029, 4.33146, 2.81666
0.211697, 4.37569, 2.76259
0.31538, 4.38413, 4.66656
0.185718, 4.32816, 2.2484
0.278089, 4.36195, 0.470633
0.283188, 4.37649, 2.72757
0.291168, 4.36701, 2.35849
0.289756, 4.36641, 6.00526
0.245671, 4.34545, 12.6083
0.207663, 4.21333, 1.43868
0.317851, 4.33483, 1.69809
0.351157, 4.29734, 1.42593
0.355458, 4.2505, 0.495778
0.239059, 4.24572, 1.11482
0.264834, 4.21813, 1.23699
0.25387, 4.28896, 2.49836
0.286215, 4.28327, 5.77081
0.282362, 4.25453, 32.4415
0.292688, 4.24274, 1.87445
@@@,@@@,@@@
-0.591589, 3.7847, 105.692
-0.735064, 4.14775, 0.193047
-0.850491, 3.86809, 0.765597
-0.673246, 3.53334, 0.901895
-0.421987, 3.60402, 0.266654
-0.822063, 3.77318, 0.10336
-0.738775, 3.93148, 0.288448
-0.69014, 3.95511, 1.89706
-0.735837, 3.92013, 1.19835
-0.754214, 3.73137, 0.405374
-0.765748, 3.77367, 0.534346
-0.570015, 3.88415, 2.5089
-0.617772, 3.83586, 2.65432
-0.599001, 3.83372, 1.83387
-0.628649, 3.77991, 2.47722
-0.583132, 3.78287, 1.50914
-0.572552, 3.76369, 1.77341
-0.568853, 3.77264, 17.0374
-0.586057, 3.7776, 25.3232
-0.58033, 3.77418, 22.0207
-0.580359, 3.77733, 22.1124
@@@,@@@,@@@
0.828938, 4.13314, 104.349
0.43219, 4.0794, 2.26862
0.602228, 4.00303, 0.236271
0.416745, 4.15905, 1.17182
0.8042, 4.37853, 0.175104
0.678641, 4.07568, 1.27063
0.705516, 4.1875, 5.82279
0.713698, 4.23435, 1.40957
0.681836, 4.32494, 2.54969
0.62134, 4.20905, 0.586825
0.583388, 4.2437, 2.38799
0.634741, 4.28085, 0.248647
0.618343, 4.28656, 13.6894
0.607683, 4.28157, 9.60318
1.06538, 4.3443, 0.406538
1.10247, 4.29578, 5.44915
1.04373, 4.31811, 0.304118
0.960835, 4.31712, 3.75
1.02994, 4.25536, 3.07424
0.929512, 4.27028, 5.4406
1.03112, 4.12223, 8.6694
0.9136, 3.70249, 0.106435
0.686473, 3.92253, 0.0812792
0.767716, 3.88579, 3.35549
0.883984, 3.84425, 3.53362
0.784911, 3.95924, 0.599294
0.803813, 3.92483, 0.284563
0.838526, 3.98878, 7.85444
0.830166, 3.91819, 1.1796
0.864938, 3.92932, 6.82408
0.94, 3.95803, 4.3292
0.93829, 3.91715, 2.51406
0.905496, 3.91761, 0.882743
0.918746, 3.93976, 5.65066
@@@,@@@,@@@
0.895491, 1.08288, 109.724
0.706373, 1.10652, 0.133294
1.08416, 1.37377, 0.0423413
1.38169, 0.839296, 0.477442
0.802987, 1.20595, 1.31091
0.909704, 1.22787, 5.56088
0.861999, 1.15856, 1.47653
0.93879, 1.13796, 4.3047
0.891152, 1.13673, 9.30196
0.953088, 1.06493, 2.46106
0.910846, 1.07046, 16.5049
0.91679, 1.07323, 6.62084
0.87833, 1.07952, 26.6722
0.896528, 1.02874, 5.55686
0.877742, 1.04854, 29.4361
@@@,@@@,@@@
-1.67317, 0.776256, 109.713
-1.38035, 1.03207, 3.39709
-1.75228, 1.12121, 0.394937
-1.32742, 0.607839, 0.0123572
-1.47487, 1.01258, 0.190219
-1.47369, 1.01379, 0.648541
-1.67188, 1.06864, 6.15065
-1.48125, 0.996037, 2.48992
-1.46408, 0.997089, 0.165996
-1.6681, 1.02659, 1.66152
-1.42575, 0.838744, 5.76747
-1.56741, 0.971908, 2.84243
-1.57877, 0.943103, 2.78148
-1.50564, 0.893012, 0.110879
-1.54172, 0.915798, 7.14856
-1.53122, 0.911458, 2.03982
-1.83074, 0.909174, 1.35507
-1.72997, 0.941874, 0.653734
-1.72333, 0.939789, 1.59352
-1.53398, 0.857888, 6.79973
-1.90729, 0.836983, 0.655519
-1.58712, 0.883444, 0.770321
-1.53355, 0.817813, 3.69553
-1.61041, 0.858515, 1.9354
-1.58804, 0.844132, 0.416102
-1.82476, 0.839952, 0.550239
-1.62936, 0.820194, 0.371157
-1.63005, 0.815044, 1.02071
-1.64964, 0.824335, 0.823606
-1.55067, 0.715167, 1.02377
-1.69963, 0.811181, 3.67419
-1.68835, 0.816644, 3.07046
-1.69351, 0.429907, 0.450277
-1.78847, 0.437594, 3.2977
-1.66155, 0.52493, 1.64645
-1.75978, 0.493677, 5.9783
-1.7695, 0.504755, 1.54896
-1.7401, 0.555521, 6.60362
-1.77644, 0.544963, 1.77061
-1.77497, 0.757833, 0.59575
-1.74722, 0.651902, 18.645
-1.76349, 0.690174, 6.71906
@@@,@@@,@@@
-1.29505, 3.80905, 108.395
-1.1281, 4.15579, 3.46936
-1.07795, 4.10402, 6.04929
-1.1097, 4.11036, 0.941215
-0.978759, 3.96232, 0.531935
-1.07771, 3.9933, 1.31586
-1.54252, 3.5995, 0.219118
-1.06382, 3.6456, 0.320182
-1.68428, 3.88573, 0.226762
-1.56995, 3.71429, 0.636213
-1.13395, 3.88895, 2.93703
-1.14612, 3.87913, 1.50298
-1.16594, 3.8693, 3.4752
-1.16156, 3.87776, 5.46075
-1.42532, 3.6077, 4.33688
-1.461, 3.67313, 2.11366
-1.42281, 3.8194, 3.16793
-1.26164, 3.80631, 2.36476
-1.2524, 3.75798, 7.26876
-1.3383, 3.71798, 11.1117
-1.32961, 3.82009, 0.661514
-1.34335, 3.81083, 0.368912
-1.34672, 3.75457, 6.0684
-1.32245, 3.77562, 44.6264
@@@,@@@,@@@
-0.157775, 1.11405, 105.085
-0.435198, 1.12186, 5.55665
-0.377549, 1.23332, 0.828963
-0.345882, 0.994847, 0.312895
-0.171557, 1.20565, 7.28255
0.0620957, 1.06422, 6.7997
-0.0679572, 1.18305, 8.62649
0.00589794, 1.10352, 0.473014
-0.0381973, 1.05198, 3.93585
-0.0408178, 1.09601, 17.2013
-0.0576279, 1.11827, 4.48987
-0.0840322, 1.10259, 20.8443
-0.0995311, 1.09918, 0.772654
-0.34744, 1.18772, 1.56995
-0.382658, 1.16245, 0.589921
-0.357075, 1.10868, 3.31699
-0.31464, 1.07613, 4.1191
-0.323951, 1.10204, 14.1403
-0.316248, 1.10564, 4.31349
@@@,@@@,@@@
0.420942, 1.47746, 107.856
0.30291, 1.13733, 1.21882
0.767905, 1.50082, 0.970472
0.52802, 1.79787, 1.73911
0.360416, 1.75312, 1.84957
0.665445, 1.3835, 2.67144
0.576241, 1.67959, 0.865387
0.53304, 1.25125, 1.19024
0.571213, 1.66388, 0.397537
0.327259, 1.69834, 0.163812
0.616722, 1.5622, 1.82012
0.238571, 1.62593, 0.441963
0.611529, 1.53798, 0.725279
0.204463, 1.54655, 1.33181
0.569312, 1.54327, 1.2651
0.576362, 1.46956, 5.02414
0.472343, 1.3174, 1.67222
0.544634, 1.51456, 4.90526
0.224767, 1.52243, 2.68787
0.26462, 1.36409, 1.6362
0.510383, 1.4161, 6.75266
0.474185, 1.60817, 0.861794
0.484893, 1.54794, 0.171233
0.497073, 1.49132, 1.05869
0.46009, 1.55301, 1.1965
0.421287, 1.57453, 2.55108
0.463627, 1.52674, 3.64888
0.256493, 1.42645, 2.81655
0.461236, 1.4979, 0.956531
0.287388, 1.45756, 4.89968
0.348495, 1.41771, 14.8622
0.439683, 1.49092, 1.05899
0.396254, 1.52141, 1.25558
0.364364, 1.5083, 6.59647
0.380121, 1.49877, 8.14499
0.377954, 1.45907, 15.5278
0.395941, 1.48424, 3.35615
@@@,@@@,@@@
1.71603, 1.29262, 104.023
2.07581, 1.40429, 3.05096
1.36592, 1.48902, 0.371379
1.34797, 1.42382, 0.291561
1.49651, 0.981783, 1.43303
2.05464, 1.35588, 0.100782
2.06071, 1.12635, 0.417373
1.38833, 1.17838, 0.36393
1.94337, 1.51121, 0.135572
1.39074, 1.25998, 1.42593
1.51384, 1.53953, 1.30805
1.40911, 1.33759, 1.94601
1.98622, 1.2654, 0.635858
1.98156, 1.36915, 0.979764
1.77651, 1.5564, 1.09324
1.90169, 1.32787, 5.39018
1.62848, 1.47602, 2.76479
1.78945, 1.45457, 0.222199
1.63304, 1.11811, 3.9473
1.67932, 1.44342, 0.200622
1.69446, 1.44282, 1.10123
1.59676, 1.32844, 2.10615
1.80177, 1.32605, 1.82853
1.72071, 1.17851, 3.51979
1.64409, 1.36189, 1.82125
1.76799, 1.32341, 0.669306
1.71874, 1.22513, 0.583519
1.6493, 1.28289, 5.93414
1.72694, 1.23904, 0.457813
1.71492, 1.31311, 2.84748
1.71679, 1.29646, 8.129
1.72333, 1.2891, 9.88284
1.67405, 1.27332, 3.61861
1.68829, 1.28653, 13.3398
1.70415, 1.26837, 22.4649
@@@,@@@,@@@
-0.970741, 3.97293, 100.541
-0.574199, 3.94706, 1.30579
-0.765949, 4.28628, 0.528234
-0.613004, 3.94253, 4.04069
-1.37206, 3.86902, 0.334556
-0.826338, 3.8324, 2.74606
-1.05464, 3.7644, 0.78621
-0.982187, 3.76451, 2.55116
-0.841617, 4.11099, 0.715061
-0.835893, 4.07273, 1.6053
-1.15609, 4.04456, 1.25904
-0.912203, 4.10816, 1.6027
-1.06547, 3.86677, 1.27056
-1.03019, 3.92724, 11.8125
-1.03735, 4.01057, 4.33435
-0.980449, 3.95346, 13.8817
-0.964468, 4.01411, 16.167
-1.0063, 3.98799, 12.3281
-0.984231, 3.99292, 23.4787
@@@,@@@,@@@
-0.939495, 5.37219, 103.359
-1.04251, 5.0195, 0.0244215
-1.35094, 5.56565, 0.258201
-2.45907, 5.20865, 0.0396948
-0.857232, 5.70651, 0.267918
-1.1927, 5.57018, 0.583471
-1.21817, 5.43145, 0.894668
-1.07771, 5.55471, 4.59149
-1.07556, 5.54438, 2.49696
-1.01007, 5.57159, 3.0423
-1.1448, 5.35693, 2.60185
-1.0173, 5.52123, 1.69736
-1.05728, 5.47285, 2.03873
-1.03134, 5.47907, 5.43728
-1.06211, 5.42665, 4.14212
-1.07855, 5.37589, 0.630149
-1.0502, 5.36089, 3.02067
-0.989254, 5.40602, 5.18308
-0.848295, 5.44245, 0.9798
-0.93641, 5.40347, 9.78225
-0.835354, 5.42873, 3.54375
-0.829284, 5.35556, 3.21444
-0.808154, 5.33786, 7.45988
-0.782439, 5.32966, 7.8643
-0.902772, 5.33558, 12.1256
-0.915687, 5.20887, 3.13006
-0.873922, 5.17991, 1.07058
-0.819268, 5.19432, 3.65618
-0.859264, 5.25536, 13.8526
-0.825673, 5.24488, 0.255886
@@@,@@@,@@@
-1.19652, 3.93808, 106.114
-1.53667, 4.05888, 0.420904
-1.53599, 3.90747, 1.0548
-0.854025, 4.00718, 1.91814
-0.883449, 3.83625, 0.606626
-1.42687, 4.12681, 1.30033
-1.32814, 3.68111, 0.61782
-0.910505, 3.85327, 0.42088
-0.935473, 4.03522, 0.126915
-1.67901, 4.19063, 0.704139
-0.989318, 4.10496, 0.36662
-1.02005, 3.75585, 2.01371
-0.954267, 3.87017, 1.22582
-0.996305, 4.02629, 3.62453
-0.973312, 3.94443, 9.90569
-1.19075, 3.71428, 0.889198
-1.09185, 3.76311, 1.6833
-1.02251, 3.92498, 2.25153
-1.01787, 3.9319, 3.25894
-1.05833, 3.82517, 1.8862
-1.09165, 4.09651, 1.50404
-1.05322, 4.01604, 1.9867
-1.4296, 3.90809, 4.2586
-1.3967, 3.85098, 3.32383
-1.38804, 3.88411, 4.53497
-1.37173, 3.99877, 0.935319
-1.31829, 4.04925, 0.996151
-1.31297, 4.02418, 6.01944
-1.25414, 4.05444, 0.380665
-1.27961, 3.88226, 4.37681
-1.28683, 3.97346, 2.71716
-1.21854, 3.87688, 1.46914
-1.17864, 3.8803, 1.19669
-1.19605, 3.87842, 0.70827
-1.24262, 3.9504, 1.69039
-1.20326, 3.91358, 7.18393
-1.21699, 3.91487, 0.56417
-1.20712, 3.94384, 11.7399
-1.17048, 3.95817, 13.4836
-1.17415, 3.98657, 3.06555
@@@,@@@,@@@
-2.2586, 1.41196, 108.155
-2.03638, 1.21627, 0.333512
-2.12096, 1.23972, 0.440805
-2.44551, 1.29598, 1.02323
-2.22356, 1.26316, 1.18212
-2.10457, 1.42592, 0.691954
-2.36264, 1.32064, 1.36649
-2.17565, 1.52715, 0.111387
-2.30696, 1.30599, 0.173698
-2.37138, 1.45005, 0.79356
-2.35258, 1.4826, 2.58429
-2.26789, 1.30488, 4.15823
-2.32437, 1.37255, 10.0999
-2.14993, 1.40008, 0.0749111
-2.20306, 1.37593, 20.2647
-2.20451, 1.41002, 12.6566
-2.22089, 1.49706, 6.08729
-2.31871, 1.46249, 4.54457
-2.28944, 1.40944, 4.93295
-2.29488, 1.44826, 8.70975
-2.24712, 1.47246, 1.98214
-2.23293, 1.43167, 1.68713
-2.26346, 1.42841, 4.16419
-2.26236, 1.44411, 12.1501
-2.24971, 1.44626, 8.0826
@@@,@@@,@@@
-0.759435, 4.55867, 109.605
-0.827637, 4.62158, 2.33187
-0.81484, 4.4847, 1.96928
-0.697264, 4.60994, 8.58908
-0.744481, 4.62692, 1.12458
-0.799655, 4.61034, 10.7881
-0.808069, 4.5986, 8.09702
-0.756749, 4.59956, 5.89544
-0.708345, 4.53257, 6.1548
-0.763775, 4.53708, 28.8619
-0.768908, 4.53532, 7.45525
-0.744618, 4.53506, 22.2658
-0.733211, 4.53328, 6.14029
@@@,@@@,@@@
-0.117343, 3.4431, 103.894
0.135217, 3.74173, 0.527955
-0.471315, 3.49109, 0.637072
-0.0036383, 3.74414, 0.183615
-0.0744321, 3.18428, 0.589456
-0.00356238, 3.62756, 1.53258
-0.041228, 3.30182, 4.85165
-0.0985976, 3.29198, 5.09015
-0.101256, 3.28496, 2.8494
-0.00212519, 3.34594, 2.92793
-0.0420386, 3.3248, 0.836853
-0.273914, 3.54138, 0.920698
-0.233968, 3.50193, 13.6158
-0.21158, 3.49312, 6.49514
-0.0630599, 3.33905, 1.65418
-0.0651305, 3.40307, 6.1995
-0.116414, 3.42996, 19.3567
-0.0856008, 3.41949, 0.892324
-0.130831, 3.50911, 5.86924
-0.108884, 3.50221, 8.03
-0.0946677, 3.49727, 2.04549
-0.0714906, 3.46414, 15.952
-0.068433, 3.46923, 3.16176
@@@,@@@,@@@
0.931946, 1.2415, 104.504
0.711666, 1.56559, 0.0879187
1.1704, 0.989393, 0.127389
1.08877, 1.55766, 2.51542
1.13853, 1.02345, 2.24598
0.741241, 1.23928, 0.481755
0.748927, 1.23829, 0.343765
0.864098, 1.12483, 1.37246
1.03735, 1.2828, 5.21435
0.856978, 1.14551, 1.03047
0.930526, 1.30323, 2.58969
0.88734, 1.27868, 4.25181
0.863316, 1.25547, 8.07819
0.904002, 1.28289, 9.7908
0.971023, 1.23571, 11.0075
0.955656, 1.19372, 4.04172
0.879948, 1.24945, 5.40881
0.885137, 1.23276, 7.05494
0.913723, 1.19757, 1.7124
0.920867, 1.22352, 30.6952
0.942263, 1.21454, 6.68972
@@@,@@@,@@@
2.18116, 0.429181, 107.565
2.08124, 0.266662, 0.717281
2.33149, 0.448013, 6.76866
2.14126, 0.34747, 2.50732
2.14471, 0.500468, 4.88457
2.12139, 0.458999, 0.631498
2.13116, 0.422448, 13.4923
2.16289, 0.458836, 1.80739
2.18927, 0.40684, 10.8882
2.18289, 0.414517, 6.43473
2.18298, 0.430355, 15.2118
2.1777, 0.43284, 35.4447
2.17345, 0.435281, 8.81313
@@@,@@@,@@@
2.35509, 3.65114, 104.788
1.97876, 3.58854, 2.24363
2.15725, 3.37378, 1.14225
2.34628, 3.39833, 0.602499
2.43158, 3.44046, 2.52321
2.14707, 3.5953, 1.06375
2.16159, 3.70357, 0.128323
2.26334, 3.53375, 2.43828
2.2579, 3.54246, 0.213672
2.37906, 3.5306, 3.40356
2.49397, 3.63466, 3.02399
2.48903, 3.66047, 1.23952
2.46539, 3.71938, 3.41697
2.43125, 3.72899, 7.74249
2.25397, 3.68933, 3.32725
2.38302, 3.59965, 4.45737
2.28854, 3.67967, 4.2496
2.33186, 3.61798, 8.95478
2.32396, 3.63304, 6.31
2.40852, 3.6937, 1.87155
2.37045, 3.63288, 3.23832
2.37554, 3.64184, 0.840973
2.33983, 3.67535, 12.3574
2.35479, 3.70022, 8.70112
2.36658, 3.69627, 5.47396
2.35693, 3.68155, 10.7361
2.35795, 3.68593, 5.33277
@@@,@@@,@@@
-1.52683, 6.18963, 100.391
-1.28185, 0.209801, 0.0756255
-1.18135, 0.00280503, 0.0742289
-1.23756, 6.03047, 0.31952
-1.76513, 5.93826, 0.45881
-1.73324, 6.00797, 0.226925
-1.43746, 0.0920366, 1.65426
-1.41422, 6.07489, 0.523118
-1.59189, 6.03111, 0.425663
-1.54143, 0.0441099, 0.832285
-1.52733, 6.07482, 2.55508
-1.60161, 6.2148, 6.49858
-1.54037, 6.14143, 11.0437
-1.55952, 6.18579, 10.2675
-1.54893, 6.18888, 14.5829
-1.51247, 6.22085, 18.911
-1.50841, 6.17761, 12.6298
-1.48045, 6.2014, 9.3755
-1.4869, 6.19428, 10.0502
@@@,@@@,@@@
-0.362748, 2.80781, 102.194
-0.754959, 2.85265, 0.90575
-0.0430189, 2.96104, 1.70785
-0.0241093, 2.84899, 0.0433712
-0.678546, 3.01853, 0.241486
-0.0752514, 2.73845, 0.537891
-0.593064, 2.91152, 1.25108
-0.577507, 2.93237, 5.92795
-0.0893294, 2.80776, 0.114618
-0.25168, 2.96438, 0.244064
-0.454521, 2.93126, 0.957989
-0.377862, 2.62413, 0.660325
-0.480136, 2.74748, 1.2872
-0.382699, 2.92732, 1.01635
-0.378485, 2.89461, 6.33485
-0.434621, 2.76456, 1.20434
-0.376731, 2.87136, 1.6255
-0.374846, 2.84913, 8.04918
-0.377663, 2.83877, 3.39085
-0.330194, 2.8416, 2.37559
-0.34386, 2.82342, 6.88345
-0.34585, 2.78415, 19.5463
-0.342458, 2.7411, 10.129
-0.315016, 2.75957, 27.97
@@@,@@@,@@@
1.43406, 0.744764, 104.585
1.75655, 0.934146, 0.181587
1.06956, 0.667944, 0.620031
1.72273, 0.978248, 0.737771
1.61097, 0.436667, 0.0941008
1.75296, 0.723332, 2.04486
1.77088, 0.747426, 0.51095
1.6671, 0.89822, 1.2849
1.61398, 0.594959, 0.298255
1.3624, 0.811928, 1.14843
1.42786, 0.823136, 0.82699
1.45463, 0.811583, 9.75957
1.39174, 0.814513, 3.2563
1.35551, 0.699591, 3.95291
1.48036, 0.748854, 0.165367
1.36219, 0.738655, 2.93458
1.44306, 0.729225, 28.9366
1.40842, 0.73217, 41.3207
1.39236, 0.730714, 6.60546
@@@,@@@,@@@
0.18761, 2.90587, 103.887
0.216765, 3.29343, 0.340128
0.0593788, 3.26513, 0.14186
0.556246, 3.02715, 0.557967
0.0424837, 3.24289, 0.956815
1.23266, 2.60199, 0.0330177
-0.140249, 2.79747, 0.257219
-0.112219, 3.05344, 0.499352
0.499698, 2.77702, 0.113312
0.366139, 2.63031, 1.75058
0.437399, 3.21274, 0.0843321
-0.0638755, 2.75062, 0.193552
0.393746, 2.90602, 2.8239
0.255372, 2.74782, 0.725813
0.266981, 3.0168, 2.33534
0.0943567, 3.00722, 1.90629
0.285003, 2.85273, 2.11375
0.203911, 2.98716, 3.07269
0.258876, 2.9261, 0.853657
0.189516, 2.83617, 5.10559
0.147526, 2.92612, 0.812367
0.185166, 2.90507, 13.7661
0.16923, 2.90142, 56.6622
0.172073, 2.90667, 9.01474
@@@,@@@,@@@
2.21659, 0.018778, 102.219
1.94653, 6.02286, 0.487162
2.35958, 0.302614, 2.67192
1.95802, 6.19226, 1.30045
2.35133, 0.241301, 0.163947
2.01169, 0.138517, 2.57096
2.00986, 0.0986681, 7.77259
2.00379, 0.0193002, 1.28569
2.18129, 6.07717, 0.153287
2.35822, 6.21561, 0.922903
2.23205, 6.18101, 3.81812
2.30914, 6.28184, 15.038
2.17058, 0.0632895, 2.39492
2.16917, 0.0579056, 1.39769
2.26721, 6.25443, 1.4871
2.2093, 6.25076, 4.781
2.24819, 6.25987, 5.5973
2.26022, 0.0127484, 6.36192
2.18131, 0.0205027, 3.91004
2.20513, 0.0350687, 1.48283
2.20205, 0.0156225, 13.8192
2.22831, 6.27578, 5.01994
2.22957, 0.0223602, 16.1842
2.22287, 0.0071447, 3.83554
@@@,@@@,@@@
2.03421, 0.651377, 108.04
1.98703, 1.01289, 0.580177
2.01813, 1.00904, 0.213465
2.13367, 0.897103, 0.898938
2.18083, 0.899486, 0.317929
2.1498, 0.882483, 2.08718
2.0974, 0.828307, 0.935858
2.11198, 0.836045, 0.149371
2.25917, 0.615777, 1.19707
2.21176, 0.634778, 7.45438
2.09929, 0.754067, 3.18731
2.13414, 0.776555, 3.7444
2.15216, 0.674928, 0.771428
2.13212, 0.72605, 0.479997
2.20695, 0.706156, 0.0769122
2.20873, 0.699151, 5.75483
2.18647, 0.732926, 12.1284
2.16637, 0.762134, 2.13069
1.98562, 0.34973, 5.71398
2.06605, 0.388155, 0.689045
2.1494, 0.524248, 3.59117
1.88267, 0.824795, 1.16143
1.99536, 0.784423, 1.67518
2.0036, 0.755359, 1.09719
2.02876, 0.657649, 2.50659
1.89202, 0.497419, 6.6063
1.86433, 0.539936, 4.8889
1.82017, 0.662687, 1.54461
1.88195, 0.70995, 2.11009
2.02932, 0.704749, 0.919981
1.93856, 0.620563, 1.98919
1.88667, 0.602642, 5.21946
1.923, 0.645274, 2.64679
1.89174, 0.634284, 6.27106
1.86606, 0.656804, 10.7745
1.88073, 0.664557, 7.26778
@@@,@@@,@@@
-0.69415, 5.9811, 105.712
-0.352936, 6.18593, 0.26221
-1.04089, 5.63161, 0.176197
-0.382775, 5.80058, 6.99069
-1.07568, 5.90069, 0.0211901
-0.592087, 0.0420345, 3.31966
-0.97354, 5.81631, 0.428815
-0.68419, 6.2415, 0.299307
-0.697645, 5.75348, 0.543983
-0.910889, 5.96818, 1.57679
-0.546105, 5.89607, 0.330038
-0.855203, 6.07726, 2.54368
-0.835073, 5.94404, 9.02199
-0.824111, 6.03395, 3.78519
-0.706963, 5.8573, 1.98533
-0.7409, 5.86835, 2.22521
-0.742814, 5.88339, 4.66684
-0.709709, 5.90923, 2.0446
-0.747331, 5.95664, 1.17365
-0.609975, 5.98027, 0.797934
-0.703771, 5.95704, 2.43445
-0.641682, 6.03297, 3.06403
-0.705635, 5.9738, 2.57667
-0.665621, 5.9669, 4.8198
-0.654312, 6.03709, 0.327176
-0.671257, 6.04204, 2.71529
-0.674068, 6.01857, 12.007
-0.682205, 5.99856, 26.8552
-0.674718, 6.00396, 9.18076
@@@,@@@,@@@
-0.00426951, 4.28838, 108.824
0.133387, 3.95365, 0.658697
-0.331778, 4.16412, 3.31552
-0.302901, 4.12353, 0.122792
0.190114, 4.00613, 0.722705
0.2026, 4.03575, 0.791926
-0.183551, 4.10715, 0.404515
-0.125031, 4.13191, 4.35212
-0.26567, 4.21818, 0.491382
-0.269273, 4.38598, 2.00172
-0.099119, 4.19665, 1.00612
-0.219567, 4.40512, 0.635556
-0.119277, 4.41468, 1.79908
-0.145315, 4.34548, 8.91524
-0.145354, 4.32915, 5.51244
-0.0910226, 4.37949, 10.2931
-0.075418, 4.30149, 11.1774
-0.0627757, 4.3187, 7.30728
0.335464, 4.33595, 0.729028
0.114541, 4.44569, 0.409443
0.0116419, 4.19738, 4.7755
0.010148, 4.32455, 1.06687
0.128688, 4.35631, 4.84936
0.115229, 4.36719, 1.3926
0.200201, 4.3214, 8.1869
0.190596, 4.17776, 0.213337
0.0650229, 4.20679, 3.35241
0.171064, 4.20648, 2.08606
0.160685, 4.20154, 1.49802
0.0898246, 4.23493, 3.86228
0.0811941, 4.28893, 0.871652
0.168354, 4.27654, 5.25469
0.132362, 4.26664, 6.50104
0.124186, 4.2851, 4.62297
@@@,@@@,@@@
-0.531445, 2.05701, 100.76
-0.565328, 2.43178, 0.85268
-0.82562, 2.28417, 0.0508493
-1.63496, 2.21529, 0.0596886
-0.237104, 2.23787, 0.0990117
-0.748716, 2.33582, 0.409792
-0.821681, 2.22952, 0.52409
-0.604822, 1.80344, 4.08982
-0.40122, 2.24591, 2.97923
-0.495906, 1.86298, 0.0650591
-0.470656, 1.89852, 5.08643
-0.673384, 1.95906, 1.06457
-0.575398, 2.18441, 1.04293
-0.587687, 2.16017, 0.404713
-0.449832, 2.13196, 8.09671
-0.632485, 2.03774, 3.02693
-0.562208, 2.15352, 0.348492
-0.547832, 2.12964, 4.64792
-0.530869, 2.00983, 13.1993
-0.545447, 2.08773, 4.40172
-0.554887, 2.06874, 11.8933
-0.525685, 2.08889, 9.48765
-0.542726, 2.04644, 3.82448
-0.521243, 2.03486, 8.0004
-0.508376, 2.05534, 15.9046
-0.496481, 2.07472, 1.61216
@@@,@@@,@@@
1.73845, 4.5267, 105.779
2.16506, 4.6349, 0.400078
1.8082, 4.84508, 1.23898
2.01551, 4.55838, 3.79961
1.91673, 4.70422, 0.834817
1.60948, 4.33418, 0.664607
1.91364, 4.65143, 0.614757
1.91298, 4.53778, 0.503541
1.7195, 4.40671, 0.209447
1.81404, 4.53484, 6.44638
1.77218, 4.60209, 0.696071
1.72525, 4.46331, 10.0958
1.77598, 4.47232, 1.9787
1.74953, 4.4975, 28.2713
1.7354, 4.48594, 1.90937
1.75203, 4.57894, 2.83813
1.62324, 4.50887, 0.0739673
1.71756, 4.57129, 0.917522
1.64326, 4.5442, 5.95932
1.65614, 4.55946, 8.3363
1.66404, 4.53317, 6.92958
1.69327, 4.5399, 23.2107
@@@,@@@,@@@
0.958654, 3.45829, 102.472
1.30424, 3.59956, 1.6224
1.12571, 3.79014, 0.0582839
0.75578, 3.7769, 1.18516
1.45948, 3.45679, 0.212247
1.00002, 3.79774, 0.859374
1.05243, 3.75685, 0.41254
1.00932, 3.72048, 3.50272
1.15847, 3.56304, 2.62045
1.13231, 3.55574, 9.42891
0.846426, 3.17991, 1.9253
1.16373, 3.39973, 0.149347
1.12164, 3.44141, 1.26394
1.09073, 3.5165, 2.07954
0.851505, 3.60008, 3.48873
0.839176, 3.56985, 0.991644
0.776723, 3.47824, 1.91297
0.77565, 3.40469, 1.18676
0.772468, 3.42921, 0.759156
0.974429, 3.53946, 3.10671
0.897665, 3.53037, 5.44893
0.863635, 3.52011, 0.798629
1.02632, 3.44908, 1.57489
0.997696, 3.48367, 3.51836
0.936637, 3.4911, 8.06218
0.827808, 3.27402, 0.558429
0.813393, 3.36152, 0.546726
0.994972, 3.37027, 3.53054
0.876364, 3.42687, 4.00104
0.955533, 3.35293, 1.44619
0.902925, 3.41328, 3.13226
0.929069, 3.38185, 2.25282
0.88937, 3.33448, 8.30204
0.875198, 3.35132, 1.47452
0.890184, 3.36942, 3.10144
0.897789, 3.36366, 18.6486
@@@,@@@,@@@
-1.98376, 3.42822, 103.186
-2.30262, 3.22364, 2.84496
-1.68038, 3.67692, 0.915689
-1.9925, 3.0523, 0.118516
-2.26455, 3.55282, 0.161985
-2.03705, 3.57607, 5.85164
-1.91518, 3.3719, 10.0888
-2.03995, 3.41665, 6.05726
-1.99644, 3.37705, 7.84259
-2.01879, 3.4072, 2.96319
-1.9589, 3.39772, 15.098
-1.98591, 3.40592, 0.990354
-1.99892, 3.4332, 5.80724
-1.99311, 3.47473, 4.6988
-1.96935, 3.4742, 6.86279
-1.96881, 3.44849, 2.75088
-1.95336, 3.44391, 30.1319
-1.94651, 3.45838, 0.213575
@@@,@@@,@@@
2.32618, 2.2909, 108.046
2.22277, 2.01472, 0.254077
2.12104, 2.38323, 0.577232
2.1522, 2.20445, 0.0779612
2.17319, 2.19904, 0.266675
2.4224, 2.41218, 0.853078
2.26302, 2.16406, 3.22291
2.31456, 2.14962, 0.233945
2.293, 2.15607, 2.88181
2.27104, 2.18816, 0.686839
2.3866, 2.18919, 0.941398
2.24787, 2.21189, 1.34071
2.34934, 2.23402, 4.49352
2.32797, 2.24612, 2.89748
2.28139, 2.29834, 2.73561
2.31082, 2.28537, 6.23633
2.32586, 2.28815, 0.864974
2.31578, 2.29908, 1.96136
2.3278, 2.32272, 13.2069
2.32675, 2.29674, 7.62577
2.33523, 2.30629, 34.9291
2.33264, 2.31043, 21.8711
@@@,@@@,@@@
-0.879408, 5.16346, 101.225
-0.491332, 5.23232, 0.805957
-0.508386, 5.09327, 0.574143
-0.743511, 4.82355, 0.732057
-1.1103, 4.97533, 2.11138
-1.07315, 4.93779, 0.745661
-0.960093, 5.42765, 1.43262
-0.68245, 4.98901, 0.371952
-1.06738, 5.32861, 0.784517
-0.844339, 5.39785, 0.889194
-0.966536, 4.9633, 0.720152
-0.652405, 5.18592, 0.387034
-0.787743, 5.17035, 2.53259
-0.742219, 5.19711, 11.7941
-0.730558, 5.18785, 8.97356
-0.816361, 5.01658, 0.691248
-1.06828, 5.19314, 0.869011
-1.00093, 5.28116, 0.254018
-1.04478, 5.2291, 2.23191
-1.04908, 5.209, 0.505573
-0.934688, 5.28717, 2.16306
-0.837755, 5.09162, 1.95165
-0.83129, 5.22979, 0.601965
-0.817227, 5.18438, 9.03591
-0.850362, 5.19793, 0.80942
-0.841488, 5.13121, 7.52043
-0.850434, 5.183, 4.21956
-0.855522, 5.10946, 0.438981
-0.923249, 5.2427, 0.891125
-1.03066, 5.19859, 1.07264
-0.901771, 5.20875, 2.89084
-0.905106, 5.19031, 1.41883
-0.962793, 5.07255, 1.38381
-0.950625, 5.10778, 5.96067
-0.943479, 5.1665, 1.78816
-0.967405, 5.1456, 15.4647
-0.951826, 5.12869, 6.49628
@@@,@@@,@@@
0.0820143, 5.9328, 100.617
-0.254815, 5.92136, 0.551612
-0.178934, 5.87796, 0.480598
-0.0850219, 6.09095, 0.822306
0.223339, 5.75513, 0.718725
-0.0406722, 5.99956, 5.88857
0.157519, 6.06337, 0.323989
0.209347, 5.9105, 6.08862
0.0139956, 5.95316, 1.86956
0.0164948, 5.92288, 3.96437
0.0837998, 5.85928, 4.44565
0.145346, 5.89075, 2.86716
0.137667, 5.89939, 2.69961
0.0467778, 5.91105, 3.4216
0.0535658, 5.90956, 1.01239
0.125949, 5.91986, 1.08149
0.0658279, 5.96311, 5.96396
0.121233, 5.93837, 3.77188
0.0725433, 5.94532, 3.33065
0.0753368, 5.93933, 4.62598
0.0887793, 5.94982, 7.3911
0.0954562, 5.94165, 10.1582
0.0897966, 5.92912, 29.2012
@@@,@@@,@@@
1.14304, 4.64672, 107.366
1.37655, 4.35043, 0.277609
1.02543, 4.74241, 1.2445
1.05058, 4.60008, 0.189115
0.964137, 4.49712, 0.0361113
0.974729, 4.7566, 2.24625
1.13767, 4.82718, 0.38184
1.29998, 4.73274, 1.04341
1.31, 4.5835, 0.781931
1.17496, 4.6934, 10.8057
1.19418, 4.68996, 15.5511
1.14394, 4.71111, 3.53565
1.10644, 4.58002, 22.0636
1.09594, 4.64879, 6.30221
1.16954, 4.63972, 2.00335
1.1623, 4.61897, 2.24366
1.13903, 4.64328, 29.361
1.13973, 4.63101, 9.42739
@@@,@@@,@@@
0.665035, 4.93037, 104.954
0.408422, 4.67705, 0.64798
0.414881, 5.17577, 0.115811
0.646962, 5.22185, 1.03051
0.429084, 5.02604, 2.64981
0.836106, 5.05691, 0.667777
0.777034, 4.8621, 2.82586
0.669896, 4.80488, 2.77139
0.612342, 5.02498, 3.6745
0.593918, 5.00636, 5.66611
0.756145, 4.89272, 3.38404
0.624169, 4.86671, 2.6594
0.663999, 4.98981, 1.26948
0.648827, 4.97839, 9.36258
0.705716, 4.96656, 3.73273
0.721499, 4.92197, 8.4268
0.622464, 4.93389, 1.51765
0.668719, 4.92096, 23.0234
0.664557, 4.90733, 10.0097
0.669495, 4.90328, 21.7
@@@,@@@,@@@
-0.11232, 2.42503, 108.253
-0.0821777, 2.05673, 0.088335
-0.140398, 2.10281, 1.33224
0.786674, 2.4208, 0.062203
0.021397, 2.44835, 0.43607
-0.0477412, 2.3809, 7.28316
-0.0421587, 2.39541, 5.49755
-0.0816759, 2.51942, 2.66411
-0.0841134, 2.47758, 23.933
-0.0910339, 2.48765, 6.34244
-0.0987023, 2.39922, 7.315
-0.118586, 2.43472, 17.5253
-0.143309, 2.43885, 1.39374
-0.165443, 2.37668, 0.181939
-0.176611, 2.39116, 8.9986
-0.165612, 2.39281, 5.4701
-0.156113, 2.40049, 19.8884
@@@,@@@,@@@
-1.12131, 2.09452, 107.212
-0.790914, 2.2966, 0.152413
-0.743139, 2.11708, 0.230919
-0.813275, 2.24345, 3.78061
-1.09548, 1.76702, 0.078708
-0.917938, 2.24553, 0.423517
-0.930508, 1.94956, 0.444325
-1.35454, 2.21519, 0.211139
-0.990968, 2.12889, 0.86565
-1.32358, 1.99277, 1.20213
-0.955467, 2.18602, 0.716118
-1.01299, 2.24911, 1.09655
-1.00359, 2.22129, 0.782583
-1.00086, 2.15579, 0.413757
-0.996704, 2.15393, 4.68073
-1.02004, 2.04111, 0.38499
-1.03097, 2.05873, 1.16258
-1.04247, 2.09779, 6.27476
-1.04344, 2.07022, 0.801876
-1.24139, 2.03224, 1.82214
-1.09868, 2.15724, 3.02491
-1.12693, 2.15991, 4.95573
-1.09252, 2.04716, 7.72753
-1.14885, 2.14499, 3.33443
-1.11477, 2.1242, 0.532784
-1.17631, 2.10847, 1.56147
-1.17685, 2.06649, 28.6929
-1.14884, 2.07753, 28.2949
-1.12538, 2.08504, 3.71066
@@@,@@@,@@@
0.52857, 4.61569, 109.81
0.308131, 4.84779, 0.572357
0.782105, 4.89394, 0.0879259
0.28435, 4.51141, 0.295325
0.774111, 4.46424, 0.507421
0.659252, 4.41983, 6.95147
0.443758, 4.38932, 1.42622
0.559966, 4.80583, 8.60355
0.66652, 4.7083, 4.10791
0.654277, 4.69631, 1.50238
0.641591, 4.5118, 1.7465
0.546091, 4.75103, 7.54738
0.512033, 4.74453, 0.349785
0.3611, 4.55174, 0.35631
0.458677, 4.72336, 2.35326
0.491822, 4.49529, 2.51903
0.522277, 4.66753, 1.0809
0.529032, 4.62209, 4.99309
0.469224, 4.615, 7.89163
0.513635, 4.61341, 11.675
0.491084, 4.61542, 4.82918
0.502505, 4.59462, 17.9839
0.488762, 4.57809, 10.4019
0.49508, 4.56811, 12.5417
@@@,@@@,@@@
-2.06049, 4.0014, 101.114
-2.33034, 4.27224, 0.793632
-2.2273, 3.65927, 2.62675
-2.32401, 3.79401, 0.537691
-2.20226, 4.28335, 0.112238
-2.20577, 4.31835, 0.254735
-2.09664, 4.3084, 1.23408
-2.00809, 3.71603, 1.2508
-1.86462, 3.83346, 3.57743
-1.87874, 4.19945, 0.0216477
-2.15498, 4.2356, 1.69638
-1.9926, 3.77326, 0.386669
-2.25478, 3.89732, 0.73593
-1.82323, 3.98224, 0.161669
-2.01315, 3.81452, 0.0457158
-1.93589, 4.12567, 4.57658
-2.11273, 4.12659, 0.341237
-2.08882, 3.89146, 2.08968
-1.96892, 3.94547, 0.652145
-2.06713, 4.05397, 17.9354
-2.02584, 4.044, 10.3139
-2.02949, 3.97635, 0.637608
-2.05993, 3.97731, 27.8345
-2.04874, 4.00004, 21.2686
-2.05377, 4.00663, 2.55304
