ETA,PHI,PT
-0.20463, 3.60913, 108.943
-0.362741, 3.97789, 0.38208
-0.0470934, 3.2691, 0.448913
-0.148926, 3.39793, 1.59417
-0.385291, 3.49672, 3.30459
-0.371946, 3.53406, 3.50613
-0.186025, 3.45121, 6.72669
-0.0740521, 3.59664, 5.47343
-0.309852, 3.66428, 3.25049
-0.299097, 3.5815, 1.72618
-0.18769, 3.5269, 5.69443
-0.271692, 3.6161, 3.30863
-0.257992, 3.68021, 0.0505549
-0.257679, 3.62224, 3.12334
-0.159985, 3.58899, 0.692354
-0.221311, 3.6198, 4.38983
-0.154666, 3.62363, 3.64274
-0.194696, 3.67424, 2.48519
-0.171553, 3.66623, 3.77367
-0.186319, 3.61951, 2.39275
-0.194426, 3.62912, 2.22646
-0.186227, 3.63247, 5.00441
-0.184515, 3.64876, 16.1003
-0.192069, 3.64549, 29.9194
@@@,@@@,@@@
-1.08385, 1.31735, 103.211
-1.56985, 1.01794, 0.0643303
-0.811273, 1.08102, 0.0280095
-1.33955, 1.09866, 0.360389
-2.05014, 1.17501, 0.0718451
-1.35529, 1.21715, 0.887886
-1.35695, 1.23959, 1.27502
-1.02897, 1.55575, 0.326096
-0.831598, 1.25942, 0.253235
-0.998127, 1.52359, 0.936628
-0.91676, 1.38621, 0.763772
-1.37653, 1.45653, 0.145635
-1.12565, 1.38326, 0.0111835
-1.131, 1.2799, 11.2205
-1.0662, 1.25648, 2.4549
-1.01803, 1.35334, 5.61039
-1.01226, 1.32113, 1.96938
-1.08804, 1.29005, 4.62778
-1.07653, 1.34002, 4.86538
-1.06767, 1.33319, 15.9091
-1.06976, 1.33499, 7.27271
-1.06135, 1.32015, 8.61442
-1.07027, 1.31088, 11.023
-1.08281, 1.31805, 24.5954
@@@,@@@,@@@
0.838578, 1.32871, 105.24
1.17512, 1.14585, 0.092191
1.05119, 1.12418, 4.96544
1.04065, 1.19155, 2.32455
1.03695, 1.19404, 1.07523
0.963252, 1.13301, 6.65199
1.05145, 1.28156, 3.8358
0.959879, 1.20833, 0.809618
1.01043, 1.30662, 4.52275
0.936709, 1.2206, 3.15224
0.7088, 1.57178, 0.111823
0.979997, 1.38617, 0.539269
0.649825, 1.26762, 1.89929
0.913713, 1.31058, 0.566561
0.705026, 1.26437, 1.31885
0.887145, 1.31861, 0.22122
0.760457, 1.33943, 17.2492
0.767868, 1.38947, 47.9704
0.816648, 1.3955, 8.34557
@@@,@@@,@@@
-0.0869827, 6.0726, 105.287
-0.317954, 5.78786, 1.37662
0.157429, 6.26661, 0.070165
-0.104408, 0.0865777, 0.378992
-0.162533, 0.0592264, 1.94744
-0.0039564, 6.26536, 0.456136
0.0339365, 5.89851, 0.296939
-0.231506, 6.0782, 1.11848
-0.093766, 5.94848, 0.684322
0.00757415, 6.0055, 2.16171
-0.142107, 6.15445, 2.2458
-0.086594, 5.9712, 0.417887
-0.119343, 6.15018, 3.91538
-0.0415291, 6.00079, 5.28048
-0.162854, 6.10084, 0.477028
-0.0166118, 6.05519, 3.64849
-0.0572464, 6.0171, 4.93994
-0.0835684, 6.12853, 2.66112
-0.139334, 6.08208, 2.58514
-0.113257, 6.04653, 6.06779
-0.109246, 6.04993, 0.567983
-0.0756279, 6.04098, 4.68012
-0.108177, 6.09208, 6.58078
-0.0545225, 6.08059, 1.25649
-0.0699937, 6.09472, 14.1605
-0.0885751, 6.05309, 5.80199
-0.0829055, 6.07249, 31.7342
@@@,@@@,@@@
0.285259, 0.352225, 105.926
0.441956, 0.640386, 1.8236
-0.0214554, 0.420577, 2.88998
0.0624575, 0.174558, 0.833569
0.0392165, 0.238184, 0.277027
0.238717, 0.584304, 0.250271
0.404597, 0.548533, 0.37845
0.13193, 0.450566, 5.45346
0.320756, 0.145378, 0.263016
0.4006, 0.471295, 1.36846
0.203476, 0.222863, 2.57532
0.440116, 0.336564, 3.14839
0.346796, 0.476918, 0.280139
0.423325, 0.324642, 0.870248
0.24934, 0.44227, 2.07408
0.191363, 0.359247, 0.805371
0.382264, 0.284509, 0.873509
0.213896, 0.331416, 6.04635
0.31381, 0.260564, 0.34494
0.376671, 0.33998, 5.0488
0.234744, 0.3778, 1.71253
0.278709, 0.273083, 2.79076
0.2749, 0.297363, 3.64174
0.344144, 0.311927, 2.37477
0.296518, 0.388874, 3.15519
0.271173, 0.322609, 4.29599
0.270023, 0.343817, 9.40154
0.286474, 0.359934, 2.73499
0.291508, 0.326818, 5.93726
0.316335, 0.322785, 2.57909
0.32076, 0.35669, 6.04276
0.321422, 0.342011, 2.97602
0.314794, 0.348585, 22.8937
@@@,@@@,@@@
-0.188238, 3.06073, 108.682
-1.1505, 2.71084, 0.0778395
-0.0995987, 2.95039, 2.08147
-0.0529391, 3.01835, 1.28845
-0.292782, 3.13393, 0.918094
-0.305448, 3.02859, 0.370755
-0.269927, 3.05436, 0.852778
-0.165791, 3.0268, 1.83965
-0.149126, 3.06093, 9.16623
-0.173517, 3.05183, 3.17028
-0.200483, 3.0586, 7.43432
-0.200691, 3.04127, 21.1451
-0.203955, 3.04923, 13.9989
-0.193131, 3.10174, 7.55503
-0.165871, 3.0719, 4.96028
-0.186176, 3.07764, 30.1534
-0.201403, 3.07776, 3.70785
@@@,@@@,@@@
-0.13556, 0.448372, 100.302
-0.482659, 0.567339, 1.22668
0.136324, 0.318022, 0.0456909
-0.173244, 0.725989, 2.00932
0.0933379, 0.440614, 0.21894
-0.245774, 0.454073, 2.71481
-0.133198, 0.427614, 18.291
-0.12368, 0.434879, 31.7095
-0.138362, 0.442198, 3.10842
-0.128987, 0.4543, 14.7016
-0.125489, 0.449717, 26.3695
@@@,@@@,@@@
-1.20331, 3.77857, 109.874
-0.860935, 3.56231, 0.551897
-1.89455, 3.47204, 0.109577
-1.41952, 3.47654, 1.65818
-0.939793, 3.5797, 0.125911
-1.28454, 4.07129, 4.11586
-1.13063, 4.07286, 1.86942
-1.37914, 3.52331, 2.13529
-1.43434, 3.63999, 2.44534
-1.26692, 3.51522, 1.51723
-1.22077, 3.50763, 0.825245
-1.29753, 3.57039, 0.621618
-1.24248, 3.56163, 0.591832
-1.05927, 3.65714, 0.453987
-1.08976, 3.90592, 4.71803
-1.19678, 3.64529, 1.3529
-1.26438, 3.67289, 0.412792
-1.18928, 3.88189, 6.18205
-1.1847, 3.86634, 3.04377
-1.20393, 3.82097, 14.3017
-1.20468, 3.82789, 3.94101
-1.23962, 3.73778, 0.495228
-1.145, 3.81039, 1.13488
-1.13115, 3.75203, 1.16977
-1.20933, 3.75772, 5.29878
-1.17943, 3.74616, 23.88
-1.1669, 3.76194, 25.1934
-1.1732, 3.77053, 2.41853
@@@,@@@,@@@
1.38218, 4.37814, 101.438
1.84703, 4.40889, 0.304548
1.72048, 4.46739, 2.44249
1.28778, 4.67619, 1.28055
1.06705, 4.44365, 1.97061
1.61148, 4.48858, 0.472124
1.32643, 4.63117, 2.55889
1.24735, 4.144, 1.11081
1.19063, 4.3283, 4.23249
1.57018, 4.43467, 2.01512
1.58342, 4.39298, 0.695488
1.21744, 4.34602, 1.4764
1.30404, 4.36555, 0.93654
1.31089, 4.33386, 0.617197
1.31128, 4.39245, 7.02545
1.32788, 4.41076, 5.93869
1.33539, 4.31628, 3.59743
1.40951, 4.29499, 2.11321
1.44713, 4.42054, 2.92797
1.35255, 4.38371, 13.0371
1.40832, 4.31194, 2.95773
1.36243, 4.35445, 0.891335
1.40771, 4.35053, 33.6187
1.39815, 4.38423, 9.45272
@@@,@@@,@@@
1.73843, 5.78471, 100.616
2.1023, 5.63078, 0.144301
1.95564, 6.09192, 0.481443
1.41056, 5.76643, 0.478844
1.85683, 5.53745, 0.991543
1.63621, 5.55334, 0.753699
1.68113, 5.92485, 1.11863
1.64115, 5.88154, 0.879922
1.62355, 5.713, 2.46162
1.65081, 5.88349, 1.34677
1.65547, 5.77198, 1.08716
1.76623, 5.73614, 0.0556859
1.73186, 5.73584, 4.74671
1.76477, 5.82923, 1.71879
1.75651, 5.82436, 6.82052
1.77489, 5.76595, 4.84049
1.74134, 5.74831, 1.03584
1.7607, 5.78632, 6.10444
1.76131, 5.78691, 1.8734
1.72506, 5.79985, 4.34387
1.738, 5.79023, 38.5764
1.73732, 5.77706, 20.8746
@@@,@@@,@@@
-1.13785, 4.17224, 101.421
-1.09152, 4.5379, 0.143561
-1.36114, 4.15616, 0.204574
-1.3532, 4.22424, 3.63165
-0.940643, 4.0753, 0.219824
-1.05586, 4.32247, 8.94113
-0.964042, 4.18511, 1.02942
-0.996127, 4.06257, 0.449907
-1.09269, 4.01056, 1.71801
-1.11847, 4.03808, 0.229616
-1.05737, 4.21377, 1.85542
-1.05455, 4.18827, 1.31922
-1.13303, 4.22972, 0.868132
-1.08122, 4.12566, 2.98249
-1.07555, 4.15799, 4.4045
-1.10223, 4.174, 4.27452
-1.11084, 4.13906, 5.2776
-1.13069, 4.13339, 2.09285
-1.12654, 4.16097, 1.61014
-1.15073, 4.15507, 35.2768
-1.16082, 4.16092, 25.0531
@@@,@@@,@@@
-0.0144407, 5.02944, 101.421
-0.176757, 5.09244, 6.28268
-0.00333777, 5.17202, 7.59053
-0.0828863, 5.07825, 3.58369
0.0738149, 5.01555, 7.65575
-0.0627119, 5.03067, 1.83251
-0.0414317, 5.02321, 2.68146
-0.0250497, 5.02567, 6.8869
-0.00434885, 5.00893, 52.442
0.00281977, 4.99546, 12.5787
@@@,@@@,@@@
-0.907132, 5.39595, 106.747
-0.901459, 5.78283, 0.300924
-0.93534, 5.23282, 3.4247
-0.863547, 5.28388, 0.733376
-0.847569, 5.34724, 12.9942
-0.839432, 5.39378, 4.98887
-0.969585, 5.4253, 6.1804
-0.923288, 5.46158, 9.63652
-0.957042, 5.40426, 15.0397
-0.90357, 5.45127, 0.781007
-0.90008, 5.40303, 48.8733
-0.899265, 5.35514, 3.91151
@@@,@@@,@@@
-0.973351, 3.98626, 104.585
-1.2748, 4.10783, 0.0291427
-0.978734, 3.69381, 4.78909
-1.11674, 3.74316, 1.94565
-0.786708, 3.76538, 0.425676
-1.05923, 3.74551, 1.18994
-0.996356, 3.74034, 1.15098
-1.16734, 3.79536, 1.96192
-1.10223, 3.7796, 6.08811
-1.22454, 3.98449, 0.331735
-1.04055, 3.80399, 9.85004
-1.12366, 3.86393, 2.47837
-1.19615, 4.05807, 1.28257
-0.942908, 3.8059, 0.20728
-0.983293, 3.81617, 4.26317
-1.05063, 3.84916, 1.07115
-1.80457, 4.21182, 0.26868
-1.05511, 3.87032, 2.17986
-0.75802, 3.92031, 0.442613
-1.06776, 4.17521, 0.920734
-1.00123, 3.95194, 1.68417
-1.04548, 4.02749, 0.607371
-0.827484, 3.98329, 0.600935
-0.772327, 4.09191, 3.93428
-0.911913, 4.21773, 5.00699
-1.00413, 4.1789, 0.371858
-0.959441, 4.17768, 2.25037
-0.848874, 4.16363, 2.34244
-0.91586, 4.14388, 10.1113
-0.953254, 4.09723, 4.48128
-0.962905, 4.09949, 1.18244
-0.926585, 4.00232, 1.33364
-0.945228, 4.07169, 6.31215
-0.884511, 4.09158, 1.63702
-0.875209, 4.08687, 10.1261
-0.873226, 4.01308, 3.50192
-0.85673, 4.04214, 7.02049
-0.866217, 4.05805, 2.51173
@@@,@@@,@@@
-0.677294, 2.74797, 104.742
-1.11099, 2.85854, 2.08375
-1.06956, 2.81564, 0.507168
-0.531662, 2.40744, 0.0780863
-0.40651, 2.5368, 0.381366
-0.523665, 2.48676, 1.05095
-0.938911, 2.60287, 0.495383
-0.395899, 2.74402, 0.468816
-0.887649, 2.88761, 0.794966
-0.450338, 2.79491, 2.68755
-0.56767, 2.93251, 0.150728
-0.81296, 2.66772, 7.02053
-0.827142, 2.72953, 1.72068
-0.850462, 2.7225, 0.441967
-0.515936, 2.80444, 2.54695
-0.566977, 2.69186, 15.4308
-0.631907, 2.65613, 2.48757
-0.569856, 2.80718, 0.331267
-0.586239, 2.72412, 1.17458
-0.679286, 2.68486, 2.3851
-0.721277, 2.72946, 15.5771
-0.677607, 2.72759, 0.816912
-0.721351, 2.77034, 5.91594
-0.629493, 2.76403, 5.87089
-0.635904, 2.77357, 6.15895
-0.659963, 2.77549, 5.07806
-0.66899, 2.81282, 18.9575
-0.681413, 2.79159, 4.33022
@@@,@@@,@@@
0.944611, 4.28132, 100.589
1.31442, 4.26417, 0.176369
0.734486, 4.14034, 1.69702
0.632337, 4.27237, 0.775904
0.741718, 4.09799, 1.19687
0.750654, 4.14691, 0.574118
0.82166, 4.43629, 0.371827
0.752997, 4.23764, 1.68314
1.09622, 4.24964, 0.575352
1.06819, 4.25948, 0.277548
0.927613, 4.39638, 1.76307
0.912356, 4.3317, 0.779325
0.970099, 4.25509, 4.22583
0.9552, 4.28656, 86.5566
@@@,@@@,@@@
1.28184, 1.86058, 108.08
1.59819, 2.18389, 0.233947
2.0039, 2.14515, 0.500808
1.56445, 1.71931, 0.334272
1.54188, 1.99013, 0.10022
1.23079, 2.08583, 0.0580062
1.43814, 1.99902, 1.85181
1.26399, 1.79627, 0.917438
1.20888, 1.77007, 1.26598
1.36441, 1.81392, 0.566311
1.28886, 1.9047, 5.94569
1.22298, 1.83948, 2.86979
1.26867, 1.83842, 32.1334
1.29057, 1.85469, 15.7925
1.27244, 1.86467, 11.9707
1.26587, 1.86964, 33.6182
@@@,@@@,@@@
-0.0926666, 5.04387, 108.653
0.103288, 4.73298, 0.0444506
0.301983, 5.1127, 0.685121
0.108695, 4.78715, 0.166374
0.0899461, 5.1413, 5.92026
-0.164973, 5.21639, 0.0643296
0.000330221, 5.14222, 7.68559
-0.013766, 5.15326, 7.05167
-0.0997463, 5.15675, 5.24293
-0.0336304, 5.12222, 6.32407
-0.00681694, 5.06623, 0.0175785
-0.0824835, 5.13123, 3.66089
-0.0397522, 4.89643, 0.253721
-0.412824, 5.05782, 0.102368
-0.482518, 4.93399, 0.0687204
-0.0520061, 4.99757, 6.61908
-0.0963864, 5.02075, 6.02433
-0.156943, 4.94419, 4.47953
-0.154754, 4.95969, 2.48478
-0.150483, 4.99661, 25.0607
-0.134254, 4.99318, 0.44247
-0.14252, 4.99922, 10.1504
-0.140054, 5.00082, 16.3843
@@@,@@@,@@@
-0.382047, 1.59399, 101.438
-0.134836, 1.9072, 0.281752
-0.288745, 1.37109, 0.187598
-0.765221, 1.56453, 0.16429
-0.303787, 1.41424, 0.738543
-0.204759, 1.65205, 1.12441
-0.268373, 1.59522, 1.92539
-0.280203, 1.64341, 0.26765
-0.340297, 1.49227, 0.475285
-0.341648, 1.51283, 1.26135
-0.460972, 1.62831, 4.74773
-0.316255, 1.63643, 0.500168
-0.361071, 1.5259, 1.05799
-0.431913, 1.63038, 2.9303
-0.368528, 1.55049, 2.52289
-0.405698, 1.60315, 28.1348
-0.407889, 1.60014, 2.36699
-0.366856, 1.56766, 9.6903
-0.355059, 1.61165, 1.84178
-0.371913, 1.59491, 38.708
-0.373149, 1.58095, 2.56538
@@@,@@@,@@@
-1.25513, 1.50094, 104.095
-1.54334, 1.51746, 0.158183
-1.34503, 1.27999, 0.970726
-1.4122, 1.64594, 0.223465
-1.33737, 1.41441, 1.38262
-1.19199, 1.45208, 9.49651
-1.30999, 1.55615, 7.45521
-1.30308, 1.56345, 1.21807
-1.20047, 1.53787, 7.92357
-1.3004, 1.4857, 7.02375
-1.25107, 1.53679, 2.84218
-1.27058, 1.51632, 11.7993
-1.23845, 1.5036, 19.8687
-1.25458, 1.48388, 4.85901
-1.25293, 1.49522, 22.4183
-1.26409, 1.49537, 6.52259
@@@,@@@,@@@
-1.95928, 0.607134, 106.662
-2.22038, 0.880792, 1.96557
-2.25843, 0.81302, 0.656125
-2.08857, 0.826694, 0.0721797
-2.19732, 0.634596, 3.62018
-2.17329, 0.545053, 11.4687
-1.7096, 0.473268, 0.265778
-1.8175, 0.446712, 2.724
-1.86464, 0.429059, 0.14836
-1.96368, 0.750509, 3.3991
-1.89019, 0.498771, 6.09374
-1.81237, 0.55335, 6.76167
-1.89181, 0.552074, 10.004
-1.85172, 0.611657, 1.80108
-1.84114, 0.613219, 5.23714
-1.9419, 0.556615, 4.88889
-1.87215, 0.663737, 2.37313
-1.91193, 0.612334, 6.0815
-1.89834, 0.642373, 6.72089
-1.93872, 0.625257, 1.59697
-1.93578, 0.637913, 2.73287
-1.94149, 0.648709, 20.4581
-1.93356, 0.652347, 7.88075
@@@,@@@,@@@
-0.132244, 4.01942, 104.809
-0.461835, 4.33584, 1.14161
-0.313238, 4.35485, 0.152472
0.0173113, 3.95477, 2.80141
-0.159929, 4.1589, 4.03027
-0.125467, 4.13882, 0.608844
-0.204755, 3.93818, 3.33537
-0.224329, 4.04327, 2.85227
-0.0436908, 4.06299, 1.93213
-0.129589, 4.10562, 1.20273
-0.0823933, 3.93743, 4.65397
-0.0470855, 3.97889, 1.26324
-0.177501, 4.02213, 4.05137
-0.180889, 4.0358, 10.2181
-0.179844, 4.02625, 4.4416
-0.13109, 3.96014, 5.89113
-0.0959879, 3.96708, 4.32769
-0.151841, 4.01063, 2.97561
-0.129438, 4.02773, 1.57267
-0.112986, 4.01878, 47.5237
@@@,@@@,@@@
1.23287, 4.33108, 109.223
1.26384, 3.9484, 0.664588
1.17355, 3.95333, 1.38063
1.49017, 3.98124, 0.598277
1.21997, 3.99867, 6.10706
1.33001, 4.01628, 0.707198
1.49011, 4.06391, 0.339717
1.56554, 4.32975, 1.18606
1.15997, 4.02583, 0.627843
1.00787, 4.09856, 0.488277
0.884913, 4.36845, 1.18921
1.22797, 4.04187, 2.32616
1.24029, 4.69193, 0.924229
1.13177, 4.64918, 0.227953
1.33947, 4.11501, 0.335432
1.06009, 4.59369, 0.181706
1.32363, 4.12767, 0.455246
1.22956, 4.12894, 4.35249
1.45035, 4.24946, 0.666613
1.44433, 4.27496, 1.29598
1.37716, 4.29138, 1.35179
1.32385, 4.42305, 0.275204
1.13036, 4.43469, 3.40087
1.22773, 4.42774, 0.275898
1.199, 4.31092, 4.19216
1.1499, 4.36463, 17.2385
1.29967, 4.37172, 2.52198
1.16996, 4.38961, 2.66435
1.22583, 4.4465, 0.670424
1.20512, 4.39409, 9.20665
1.23032, 4.42263, 0.360544
1.24224, 4.39968, 25.7998
1.23862, 4.40474, 18.2736
@@@,@@@,@@@
-0.801674, 1.59591, 105.952
-0.844902, 1.97798, 0.130638
-0.662231, 1.30418, 0.296378
-0.548517, 1.64419, 2.13886
-0.937851, 1.64479, 1.94969
-0.712582, 1.5421, 14.8726
-0.741281, 1.61913, 3.83724
-0.76357, 1.5456, 0.435367
-0.74307, 1.59244, 6.97968
-0.843222, 1.68098, 4.24843
-0.761497, 1.60128, 6.53043
-0.868045, 1.60591, 19.2705
-0.844841, 1.63407, 2.89981
-0.799377, 1.55945, 0.352825
-0.809402, 1.5847, 5.96839
-0.82871, 1.6033, 6.31996
-0.820688, 1.59352, 29.7904
@@@,@@@,@@@
-1.62879, 6.01597, 103.647
-1.60022, 0.128264, 0.117939
-1.83775, 0.0510305, 0.0915737
-1.28478, 6.04428, 0.108633
-1.86298, 6.1118, 1.5706
-1.97772, 5.88026, 0.174547
-1.50829, 6.07043, 1.69193
-1.59768, 5.91209, 4.86131
-1.71009, 5.96188, 0.252964
-1.66303, 6.10916, 0.422444
-1.71005, 6.03704, 4.14687
-1.67087, 5.97091, 0.743865
-1.68248, 5.99009, 13.1034
-1.56537, 6.0677, 1.9878
-1.65636, 6.06318, 3.11377
-1.58202, 6.07254, 0.790941
-1.56179, 6.03845, 2.21948
-1.61016, 6.05912, 4.40646
-1.58102, 6.0225, 19.2512
-1.63694, 6.03748, 1.5559
-1.6135, 6.02325, 4.33133
-1.61425, 5.99918, 1.91126
-1.62894, 6.01033, 32.6309
-1.6142, 6.00617, 4.23558
@@@,@@@,@@@
1.104, 4.63105, 106.128
1.08266, 4.95882, 0.681182
1.2793, 4.46075, 0.0840003
0.992584, 4.30158, 0.100656
1.33569, 4.73613, 6.71887
1.20797, 4.38583, 1.38602
1.3128, 4.74971, 0.313448
1.02851, 4.78994, 0.285873
1.10966, 4.78154, 0.845618
1.22149, 4.63453, 5.71329
1.09318, 4.70017, 0.685471
1.13155, 4.57236, 5.94034
1.01441, 4.6176, 2.44396
1.07668, 4.66649, 3.63337
1.09879, 4.62592, 0.889632
1.05803, 4.6322, 3.5218
1.07017, 4.62331, 72.4127
1.09159, 4.62621, 0.625586
@@@,@@@,@@@
-2.32446, 1.21189, 103.045
-1.93845, 1.10978, 0.0304774
-2.31362, 1.57474, 1.72152
-2.30577, 1.55529, 0.939258
-2.47196, 0.943342, 0.286604
-2.14052, 1.34326, 1.68739
-2.16067, 1.11224, 0.699918
-2.20615, 1.08596, 2.2955
-2.44557, 1.06636, 0.528463
-2.38156, 1.34595, 1.52256
-2.44584, 1.13208, 2.82034
-2.43626, 1.14806, 3.78435
-2.41768, 1.17861, 2.02284
-2.39608, 1.25916, 9.79401
-2.27717, 1.11122, 0.890327
-2.30196, 1.11767, 0.59707
-2.37128, 1.16103, 3.65692
-2.26655, 1.27003, 0.809466
-2.29634, 1.27598, 1.30098
-2.35245, 1.16172, 3.38582
-2.24251, 1.19, 5.47888
-2.2794, 1.15829, 1.68015
-2.32755, 1.16966, 2.23348
-2.34295, 1.20603, 3.3421
-2.31656, 1.19559, 4.85748
-2.29688, 1.19897, 2.50872
-2.28484, 1.20985, 5.16799
-2.29512, 1.20979, 33.3757
-2.33149, 1.23305, 4.54975
-2.33315, 1.22936, 1.36612
@@@,@@@,@@@
1.29321, 1.45792, 109.111
1.39165, 1.118, 0.262546
1.58639, 1.55653, 0.305307
1.46382, 1.20752, 0.317438
1.01924, 1.46046, 0.845084
1.10265, 1.28277, 0.0733527
1.0582, 1.46981, 2.89996
1.18004, 1.61372, 2.11212
1.14129, 1.36346, 3.04445
1.14452, 1.46059, 0.833199
1.58834, 1.60783, 0.585225
1.1926, 1.54522, 5.04897
1.61357, 1.54751, 0.179424
1.40754, 1.43762, 11.249
1.26221, 1.46532, 6.90668
1.27225, 1.46001, 20.4567
1.34496, 1.45233, 2.25129
1.32406, 1.46286, 8.01023
1.3055, 1.44821, 30.8823
1.301, 1.45275, 12.9455
@@@,@@@,@@@
-0.476037, 6.2541, 101.623
-0.431624, 0.313165, 1.46058
-0.23341, 6.02268, 0.337412
-0.565307, 0.183716, 1.89033
-0.408826, 6.2431, 0.121508
-0.421213, 6.12783, 8.53977
-0.401387, 6.27441, 3.9921
-0.463408, 6.25892, 4.27533
-0.486694, 6.23804, 8.20401
-0.486719, 6.26194, 33.5999
-0.482844, 6.25524, 31.5551
-0.480327, 6.2536, 7.8541
@@@,@@@,@@@
-1.38304, 1.9554, 101.306
-1.02433, 1.80561, 1.90535
-1.28518, 1.92594, 0.136194
-1.39341, 2.33171, 0.300733
-1.1403, 2.16214, 0.979788
-1.57452, 1.7962, 1.45061
-1.60196, 1.86493, 2.26731
-1.26656, 2.15512, 1.0742
-1.48204, 1.82585, 0.899957
-1.35677, 2.11032, 1.36348
-1.24333, 1.89613, 1.98907
-1.47538, 1.84585, 0.434636
-1.26668, 1.91382, 1.90011
-1.39638, 2.07349, 0.252004
-1.46796, 2.03082, 5.99145
-1.3336, 2.05599, 2.50742
-1.40657, 1.87393, 7.58625
-1.31574, 1.91617, 5.78802
-1.34946, 1.98726, 7.34663
-1.34364, 1.9753, 2.638
-1.33459, 1.97756, 7.8702
-1.34216, 1.94604, 4.78552
-1.34094, 1.94561, 1.46885
-1.43568, 1.95836, 14.037
-1.44484, 1.94883, 0.419249
-1.41381, 1.9798, 1.50753
-1.4103, 1.95436, 4.94801
-1.39637, 1.95977, 5.14995
-1.38231, 1.95298, 14.5204
@@@,@@@,@@@
1.08678, 5.10605, 100.625
1.00996, 4.87059, 1.61454
1.15574, 5.00224, 0.671082
1.2095, 5.07302, 1.57074
1.0766, 5.01005, 1.87999
1.12356, 5.19986, 1.59392
1.14416, 5.18797, 2.11956
1.06675, 5.20286, 1.26904
1.13062, 5.04421, 2.37177
1.04569, 5.05246, 1.7625
1.09391, 5.0507, 2.16417
1.11604, 5.06649, 11.4849
1.02814, 5.12061, 13.8307
1.10669, 5.14423, 3.38321
1.09291, 5.14924, 19.3247
1.10266, 5.10181, 2.13365
1.09547, 5.11183, 7.60174
1.07716, 5.10019, 25.969
@@@,@@@,@@@
2.11255, 1.9373, 107.682
2.07956, 1.62685, 0.398442
2.09151, 1.7482, 0.374465
2.07678, 1.81316, 1.8097
1.99098, 1.97002, 0.315369
2.16554, 1.89404, 12.3488
2.18522, 1.99106, 0.654974
2.154, 1.90886, 0.533336
2.14703, 1.9766, 7.41293
2.10122, 1.9971, 2.70541
2.11641, 1.99317, 12.1266
2.15258, 1.91757, 0.942222
2.11831, 1.90462, 15.7313
2.09438, 1.96872, 12.1254
2.10831, 1.92332, 7.61397
2.1038, 1.92564, 2.91919
2.10491, 1.93512, 3.35944
2.08271, 1.94263, 21.6068
2.0729, 1.93198, 4.80138
@@@,@@@,@@@
-1.74084, 1.08017, 100.672
-2.05112, 0.861706, 0.932976
-1.93219, 0.770637, 0.820252
-1.51358, 1.1915, 5.70795
-1.50881, 1.0271, 0.729754
-1.78243, 0.946825, 0.50966
-1.70302, 0.958418, 0.100355
-1.66709, 1.11762, 1.84207
-1.7555, 1.14581, 7.55779
-1.81563, 1.06014, 5.04618
-1.71699, 1.0243, 1.61081
-1.76615, 1.0255, 4.67569
-1.77617, 1.04296, 5.01664
-1.73777, 1.1242, 3.08495
-1.70967, 1.08438, 3.38892
-1.74149, 1.10127, 9.07392
-1.72819, 1.07076, 18.4469
-1.75467, 1.078, 23.557
-1.74552, 1.06731, 8.71076
@@@,@@@,@@@
1.48306, 4.69269, 102.231
1.38413, 4.36212, 1.15153
1.34535, 4.62204, 0.0781586
1.4148, 4.78492, 9.20978
1.46527, 4.75579, 3.25964
1.47392, 4.64514, 8.84563
1.49959, 4.72565, 6.74476
1.46107, 4.6961, 1.56157
1.48397, 4.65961, 6.6393
1.49509, 4.6756, 19.0791
1.50759, 4.69596, 1.23845
1.49213, 4.69404, 44.5519
@@@,@@@,@@@
1.64112, 1.66992, 105.955
1.89004, 1.95368, 0.797301
1.73612, 1.7641, 1.12925
1.59115, 1.77187, 0.185824
1.711, 1.69338, 2.86502
1.5954, 1.66021, 16.9013
1.58642, 1.64938, 6.76433
1.64553, 1.63171, 8.77922
1.66902, 1.69877, 7.273
1.66938, 1.65866, 4.44679
1.65905, 1.66687, 21.601
1.64987, 1.6684, 9.72697
1.62833, 1.6557, 0.713524
1.62746, 1.67375, 18.3951
1.63283, 1.68299, 6.42789
@@@,@@@,@@@
-0.820536, 1.61717, 103.791
-0.576845, 1.92096, 0.0502076
-1.12897, 1.78073, 3.55778
-1.05381, 1.80225, 6.30963
-0.967465, 1.33134, 1.40837
-1.00903, 1.82205, 0.626357
-0.912167, 1.31435, 0.236876
-0.849477, 1.86225, 0.941544
-0.727932, 1.81322, 0.759327
-0.96805, 1.7011, 4.4309
-0.807748, 1.3934, 0.087289
-0.797108, 1.40188, 0.785201
-0.848328, 1.5495, 0.118797
-0.636304, 1.67546, 0.722303
-0.853922, 1.44166, 0.56318
-0.81852, 1.73377, 1.1093
-0.868996, 1.64345, 11.3321
-0.816053, 1.64697, 1.9851
-0.8436, 1.58068, 1.56218
-0.805891, 1.57867, 1.92593
-0.764106, 1.61085, 12.1745
-0.76888, 1.56775, 13.0935
-0.743168, 1.58254, 29.2572
-0.729497, 1.56964, 11.1417
@@@,@@@,@@@
0.159546, 0.209952, 105.189
0.32842, 0.535794, 1.93706
0.534981, 0.275662, 2.88476
-0.0345625, 6.16705, 1.06604
-0.170326, 0.383383, 0.583316
-0.0609539, 0.43961, 0.93211
0.186564, 0.504995, 0.217656
-0.119365, 0.1742, 0.360705
0.310846, 0.00148352, 0.591502
0.347277, 0.284315, 1.39832
-0.0135571, 0.182702, 0.283598
0.0943187, 0.112938, 1.01861
0.232956, 0.224795, 0.552676
0.0811899, 0.192255, 1.08152
0.174348, 0.174513, 1.8107
0.121724, 0.207607, 13.2806
0.139937, 0.221335, 7.63365
0.163818, 0.221657, 4.18391
0.162286, 0.205136, 29.2605
0.138637, 0.198004, 5.7068
0.140061, 0.190278, 4.87243
0.14869, 0.193226, 25.7689
@@@,@@@,@@@
0.293875, 0.995124, 102.755
0.51487, 0.673769, 0.846947
0.473491, 0.763606, 0.409309
0.446721, 1.28961, 0.94619
0.463506, 1.18731, 0.721565
0.055403, 1.00371, 0.124694
0.209694, 0.805714, 0.559142
0.257638, 0.820192, 4.30718
0.297338, 1.17733, 2.66224
0.365531, 1.10615, 0.704299
0.283244, 1.02753, 8.03745
0.274147, 0.989682, 22.1667
0.300466, 0.995372, 34.5131
0.288383, 0.998608, 26.9938
@@@,@@@,@@@
0.447618, 1.72195, 103.053
0.563435, 2.0855, 0.498928
0.468553, 2.01934, 0.995121
0.387542, 2.00291, 0.415545
0.308273, 1.47936, 0.971355
0.419285, 1.44878, 0.755528
0.203048, 1.60853, 1.3985
0.550621, 1.48564, 2.09015
0.569382, 1.92201, 2.14428
0.615756, 1.58462, 0.714128
0.484862, 1.52142, 1.03879
0.506961, 1.56656, 0.147549
0.526164, 1.86984, 2.98464
0.466589, 1.84198, 0.629306
0.330419, 1.68064, 2.58111
0.464842, 1.83942, 0.38016
0.511232, 1.68517, 2.00779
0.372017, 1.70275, 0.806226
0.458654, 1.65755, 2.70754
0.436169, 1.67382, 8.73503
0.489031, 1.74761, 1.74824
0.468649, 1.69632, 5.90126
0.472862, 1.7071, 18.351
0.396301, 1.73952, 12.8622
0.46464, 1.73079, 1.41575
0.436016, 1.74398, 25.4543
0.431736, 1.75924, 5.68221
@@@,@@@,@@@
-0.139176, 3.80012, 106.262
-0.385563, 3.49466, 0.248012
-0.161147, 4.12812, 0.160897
-0.280523, 4.07126, 1.13778
-0.436407, 3.73116, 0.606418
0.0821212, 3.64656, 0.465612
-0.283821, 3.6673, 1.09627
-0.143012, 3.64093, 0.513413
-0.0612319, 3.88572, 0.303166
-0.0668066, 3.88273, 1.93052
-0.193265, 3.74657, 12.6251
-0.0559684, 3.78938, 0.558863
-0.128161, 3.86065, 2.21888
-0.126078, 3.86025, 2.64753
-0.15254, 3.80481, 6.02858
-0.130393, 3.81736, 4.66329
-0.124167, 3.80175, 39.0661
-0.127811, 3.80287, 32.112
@@@,@@@,@@@
1.3453, 4.88177, 107.136
1.13007, 4.69903, 0.177929
1.1374, 5.01506, 0.521851
1.5543, 4.90815, 0.87869
1.50668, 4.78833, 0.260655
1.24492, 4.77324, 1.01095
1.25029, 4.80869, 0.782696
2.10869, 4.96834, 0.0778427
1.23711, 4.93502, 0.498221
1.26135, 4.92628, 1.34669
1.40055, 4.80402, 0.154628
1.28371, 4.87724, 1.65395
1.3029, 4.84403, 2.90156
1.33689, 4.84306, 6.60057
1.33619, 4.86964, 5.54967
1.36115, 4.87061, 1.82296
1.34483, 4.88464, 12.2718
1.35093, 4.88848, 70.6549
@@@,@@@,@@@
-2.20412, 5.7527, 103.993
-1.83513, 5.80491, 5.17766
-2.44563, 5.63551, 2.43817
-2.17091, 5.92544, 0.424798
-2.22169, 5.91852, 1.01851
-2.2088, 5.61074, 2.80436
-2.26403, 5.86291, 0.155232
-2.27724, 5.69517, 4.06841
-2.29078, 5.77458, 4.8789
-2.14732, 5.80111, 6.18436
-2.19459, 5.68549, 0.646421
-2.26531, 5.74338, 11.4099
-2.21019, 5.7472, 32.5987
-2.18787, 5.76181, 28.2742
-2.1945, 5.76583, 4.00593
