ETA,PHI,PT
-1.34109, 2.69779, 100.742
-1.09582, 2.49965, 1.89995
-1.05783, 2.78951, 0.142105
-1.12121, 2.88755, 0.437762
-1.19182, 2.82627, 4.76105
-1.19634, 2.62556, 4.87181
-1.23664, 2.67714, 2.72531
-1.29325, 2.76034, 9.03775
-1.61376, 2.77621, 0.182367
-1.29888, 2.64681, 0.524706
-1.31805, 2.63158, 1.81383
-1.41977, 2.69191, 7.58529
-1.40473, 2.70971, 8.73334
-1.40528, 2.70336, 4.34897
-1.38956, 2.66139, 8.95947
-1.35173, 2.69616, 40.9574
-1.36821, 2.68569, 3.889
@@@,@@@,@@@
2.02143, 4.74909, 101.867
2.4028, 4.80818, 0.061058
1.6876, 4.91697, 2.14883
1.68404, 4.82335, 1.72768
2.35382, 4.83677, 1.66235
1.68869, 4.80732, 0.0511052
1.72323, 4.80834, 4.27597
2.22989, 4.96488, 0.742697
2.07837, 4.44963, 0.418241
2.33509, 4.82194, 0.502827
1.79544, 4.847, 0.634907
1.88318, 4.94188, 4.74336
1.88901, 4.87794, 3.21578
1.89856, 4.85845, 1.73331
1.87987, 4.78661, 0.159551
1.8984, 4.80475, 0.0993732
2.17996, 4.66225, 0.337684
2.11038, 4.64166, 1.7962
2.0664, 4.65201, 9.66721
1.99125, 4.72039, 11.2425
2.08696, 4.76611, 4.48677
2.03634, 4.74648, 10.3668
2.05592, 4.72254, 42.084
@@@,@@@,@@@
0.662849, 4.18522, 109.199
1.03467, 4.14467, 1.93549
0.681509, 3.85733, 0.713777
0.911653, 4.34218, 0.549341
0.662767, 3.94752, 1.96644
0.560252, 4.39905, 0.673955
0.822985, 4.09048, 1.54982
0.738633, 4.36572, 0.442174
0.577492, 4.03494, 1.92966
0.822977, 4.18503, 0.0782151
0.781139, 4.22441, 1.89504
0.775388, 4.23764, 2.5105
0.547362, 4.14605, 0.983004
0.670095, 4.09142, 0.5019
0.584031, 4.25171, 3.46036
0.618572, 4.11636, 0.674424
0.728159, 4.16427, 0.328559
0.680649, 4.13943, 1.03916
0.633152, 4.13491, 1.98221
0.69495, 4.19856, 10.4254
0.650159, 4.24199, 5.03194
0.65249, 4.2292, 6.27933
0.61407, 4.20899, 7.75413
0.648552, 4.21726, 7.3853
0.659748, 4.20613, 0.575028
0.615431, 4.1909, 1.12429
0.662367, 4.17493, 3.74472
0.64023, 4.17118, 31.6649
0.643128, 4.19275, 12.1986
@@@,@@@,@@@
-1.21743, 4.6099, 106.465
-0.921054, 4.43595, 1.80571
-1.01366, 4.82397, 0.358183
-1.44154, 4.62829, 1.57158
-1.26479, 4.41064, 2.21841
-1.3826, 4.59769, 0.513669
-1.18677, 4.50975, 0.267544
-1.36806, 4.62817, 0.153412
-1.36564, 4.62311, 0.580603
-1.31818, 4.5731, 5.0472
-1.31976, 4.62334, 4.47175
-1.21395, 4.68769, 4.11656
-1.26102, 4.57024, 1.29834
-1.24689, 4.65197, 0.871705
-1.19972, 4.56961, 1.03322
-1.2093, 4.58761, 1.30364
-1.22187, 4.58539, 17.5612
-1.16969, 4.60319, 15.6871
-1.21857, 4.61393, 17.9484
-1.19631, 4.65879, 4.34685
-1.193, 4.63572, 6.59708
-1.19498, 4.64393, 18.8377
@@@,@@@,@@@
-1.05452, 5.94354, 100.83
-0.745711, 6.20447, 0.244435
-0.76707, 5.69316, 2.89681
-0.708444, 5.85488, 8.10653
-0.75281, 5.75981, 1.55984
-0.755864, 5.85355, 2.1513
-1.39927, 6.00528, 5.84652
-0.807761, 5.78542, 1.15471
-1.12456, 5.65398, 1.93401
-1.33371, 5.80313, 2.43489
-1.2226, 5.7056, 0.766952
-0.81901, 5.79504, 1.64331
-0.868753, 5.76347, 0.838322
-0.89715, 5.7417, 0.325863
-0.797859, 6.08156, 0.964632
-0.951778, 5.79835, 1.86414
-1.25548, 5.86326, 0.117132
-1.01799, 5.82077, 0.0710893
-1.16996, 6.13806, 1.88868
-1.20195, 6.03413, 7.3547
-1.02095, 6.06205, 0.772488
-1.12616, 5.94602, 1.76504
-1.11242, 6.00903, 2.48279
-1.0554, 5.94365, 9.01829
-1.08103, 5.97267, 10.9416
-1.05458, 6.00338, 19.6475
-1.0394, 5.98314, 14.5512
@@@,@@@,@@@
0.669982, 2.97177, 100.245
0.849731, 3.27903, 0.210694
0.602315, 3.31668, 0.0746128
0.894346, 2.95387, 3.28276
0.716336, 3.13322, 6.64781
0.622009, 3.11164, 0.565388
0.750294, 3.01894, 0.851555
0.700463, 3.00419, 5.23921
0.686857, 3.00601, 5.10298
0.612262, 3.00025, 4.2481
0.621441, 2.92434, 17.6288
0.672042, 2.9115, 4.47695
0.655329, 2.93846, 0.063885
0.666083, 2.94706, 4.59036
0.675163, 2.93563, 14.8375
0.650696, 2.97379, 29.1118
0.686023, 2.976, 3.46673
@@@,@@@,@@@
-0.0184063, 4.2686, 108.59
-0.0987651, 3.88938, 0.462938
-0.00523681, 4.65163, 0.682132
0.0904052, 3.90878, 1.0851
-0.304187, 4.43973, 0.0122619
0.153607, 4.08433, 0.420655
-0.0792762, 4.07118, 0.711833
-0.0193006, 4.06353, 0.312349
-0.222954, 4.25578, 0.542464
0.1837, 4.2446, 0.0576713
0.0151489, 4.08048, 0.728358
0.00635584, 4.40977, 2.47068
-0.0592427, 4.39045, 1.58495
-0.109502, 4.35407, 1.49012
0.0547216, 4.30576, 3.26898
0.037357, 4.21051, 2.35425
-0.0563285, 4.2971, 7.06796
0.0169701, 4.29801, 1.3183
0.000511547, 4.23303, 3.95312
-0.0443109, 4.28984, 3.84176
-0.0222396, 4.29747, 8.53829
-0.0365448, 4.25079, 13.2292
-0.0273122, 4.28014, 8.82531
-0.00509502, 4.2704, 15.9479
-0.0144023, 4.26012, 29.9376
@@@,@@@,@@@
0.109311, 0.72913, 101.713
-0.202652, 0.499192, 0.1646
-0.248219, 0.746386, 0.58687
-0.39708, 0.569833, 0.0838853
-0.118989, 0.467499, 3.50689
-0.244574, 0.732232, 0.447609
-0.202042, 0.649517, 2.91654
-0.166098, 0.985109, 0.113498
0.013558, 0.465176, 5.51685
-0.133719, 0.642284, 9.7497
-0.0963068, 0.646523, 6.15233
-0.00899247, 0.514038, 2.03894
-0.105233, 0.860585, 3.01657
-0.0469531, 0.610998, 1.29673
0.0807599, 0.512993, 0.373915
0.354653, 0.520701, 0.520784
0.253788, 0.527628, 0.766809
0.360565, 0.858495, 3.34933
0.0744703, 0.833714, 1.44464
0.103808, 0.849982, 2.18159
0.15319, 0.690867, 0.672485
0.115955, 0.803617, 4.80056
0.295732, 0.719473, 1.83426
0.20537, 0.78897, 14.5656
0.236278, 0.794457, 29.6045
0.215444, 0.805912, 6.68605
@@@,@@@,@@@
1.81049, 3.94094, 107.055
2.12583, 3.69596, 0.799835
1.96722, 3.60792, 0.272409
2.04327, 4.18033, 0.03956
1.81791, 4.17996, 1.38335
1.65571, 3.78506, 2.45693
1.74559, 3.73449, 2.00905
1.71794, 4.03577, 1.26558
1.72974, 3.87038, 5.59987
1.80228, 4.06728, 1.7748
1.70546, 3.98359, 4.93274
1.72475, 3.96375, 2.44588
1.8681, 3.8529, 0.75028
1.73871, 3.95611, 4.7525
1.84938, 4.01003, 4.06749
1.77222, 3.90679, 1.0787
1.79041, 3.92028, 15.5216
1.80988, 3.90096, 0.665496
1.79214, 3.97116, 5.04304
1.84266, 3.94442, 41.2488
1.84486, 3.97014, 11.1625
@@@,@@@,@@@
2.38613, 1.55242, 104.953
2.15931, 1.23085, 0.327523
2.10988, 1.38236, 1.1396
2.10163, 1.57718, 5.59745
2.11112, 1.56479, 0.481675
2.31034, 1.30357, 0.640436
2.1551, 1.62538, 1.01087
2.15483, 1.57091, 4.26239
2.20027, 1.54554, 0.230868
2.47005, 1.34884, 0.50004
2.24688, 1.62638, 2.13819
2.30099, 1.50862, 2.48941
2.35193, 1.61383, 0.536007
2.35039, 1.51388, 2.92244
2.39559, 1.54295, 1.54228
2.43407, 1.52328, 9.42584
2.41211, 1.53384, 12.9006
2.45136, 1.54214, 5.0221
2.42995, 1.53822, 4.18363
2.44426, 1.57796, 8.52996
2.42968, 1.5651, 17.8247
2.42166, 1.57324, 23.3435
@@@,@@@,@@@
-0.30177, 1.07615, 107.612
-0.53764, 0.956194, 0.0502264
-0.234421, 0.84996, 0.347164
-0.441258, 1.04702, 1.30431
-0.245442, 1.02118, 1.88847
-0.366218, 1.0867, 1.93798
-0.35516, 1.0455, 13.3225
-0.305953, 1.01693, 2.20221
-0.350876, 1.09675, 2.79435
-0.282247, 1.14092, 6.44546
-0.23125, 1.07058, 0.977853
-0.257957, 1.08435, 1.42431
-0.275262, 1.07268, 29.367
-0.304727, 1.06578, 9.78099
-0.310225, 1.07089, 1.44668
-0.309707, 1.07765, 4.38202
-0.290834, 1.08883, 2.57242
-0.298549, 1.0913, 13.3825
-0.298462, 1.09265, 14.0274
@@@,@@@,@@@
1.38828, 1.61346, 100.627
1.46778, 1.29027, 0.179055
1.53231, 1.52947, 3.07938
1.4968, 1.50942, 4.13735
1.45297, 1.40634, 6.81831
1.57825, 1.40916, 1.54942
1.52379, 1.4365, 10.1745
1.512, 1.42641, 7.43149
1.1183, 1.86365, 0.414727
1.22334, 1.89165, 0.901587
1.19126, 1.89093, 3.1721
1.18596, 1.8483, 9.12336
1.27543, 1.88578, 2.03803
1.29064, 1.43261, 3.25053
1.18037, 1.75179, 0.944278
1.32988, 1.82141, 1.7089
1.28773, 1.79654, 1.10214
1.34755, 1.7291, 7.64373
1.33016, 1.72092, 7.72908
1.40243, 1.67136, 8.56976
1.34454, 1.64814, 4.21054
1.3639, 1.62286, 0.784595
1.32632, 1.56276, 14.3384
1.31662, 1.61815, 2.57777
@@@,@@@,@@@
-1.21582, 3.56146, 106.986
-1.67993, 3.67361, 0.98533
-0.888734, 3.34223, 1.13465
-1.41681, 3.85875, 0.769045
-0.866512, 3.48854, 2.48172
-1.55764, 3.63882, 0.724042
-1.51283, 3.31214, 0.089093
-0.940892, 3.68662, 2.67013
-1.3243, 3.29512, 1.27246
-0.932555, 3.50215, 0.585188
-0.96787, 3.70515, 0.108543
-1.04993, 3.33995, 2.22086
-1.02946, 3.73235, 4.746
-1.38463, 3.3646, 3.17047
-1.01441, 3.47648, 0.961297
-1.06302, 3.41366, 1.99097
-1.32084, 3.76272, 2.19239
-1.08079, 3.70636, 2.04639
-1.41492, 3.5638, 0.775168
-1.32746, 3.66071, 1.09654
-1.19046, 3.4316, 0.55178
-1.2898, 3.4517, 2.05441
-1.32923, 3.50266, 10.3329
-1.26468, 3.4588, 0.323913
-1.25166, 3.46598, 5.3461
-1.39946, 3.51042, 0.972677
-1.13119, 3.51936, 2.38692
-1.14722, 3.62962, 1.18429
-1.15427, 3.56283, 6.38654
-1.2657, 3.61466, 2.79857
-1.20796, 3.60694, 10.1532
-1.21349, 3.58616, 31.1832
-1.20267, 3.57124, 3.8094
@@@,@@@,@@@
-0.840873, 4.74014, 105.956
-0.917116, 4.36398, 0.0725618
-1.04343, 4.45042, 4.67759
-1.03539, 4.46219, 0.894226
-0.975845, 4.44062, 6.53999
-0.560333, 4.57873, 0.259629
-0.634717, 4.91995, 0.576707
-0.633953, 4.91063, 0.17641
-0.941094, 4.66647, 0.0870132
-0.661029, 4.54348, 0.754201
-0.715607, 4.51349, 0.174616
-1.09325, 4.78613, 0.252474
-0.977867, 4.60132, 4.61403
-0.952877, 4.5818, 3.86166
-0.958098, 4.69789, 0.197191
-0.794055, 4.98412, 0.558271
-0.833405, 4.97074, 0.39787
-0.784497, 4.96688, 0.0779922
-0.661907, 4.75467, 1.34552
-0.816841, 4.72217, 3.49573
-0.833695, 4.78243, 16.1641
-0.814293, 4.77393, 7.90416
-0.821051, 4.81658, 15.3377
-0.825399, 4.83801, 2.48432
-0.791027, 4.83296, 6.29121
-0.751783, 4.79731, 8.37043
-0.767521, 4.8005, 11.2461
-0.766523, 4.79822, 9.98123
@@@,@@@,@@@
-0.393492, 0.0640795, 105.301
-0.210856, 0.388487, 1.99405
-0.0911633, 0.217453, 0.981733
-0.165539, 6.14524, 3.26192
-0.205153, 6.13948, 1.39624
-0.263362, 6.10316, 0.493998
-0.531988, 6.11197, 0.274511
-0.206551, 6.21548, 1.47819
-0.263103, 0.246149, 0.446131
-0.579071, 0.0911666, 0.939193
-0.284521, 0.174037, 0.471153
-0.34136, 0.176641, 1.8829
-0.317609, 0.0216828, 0.606188
-0.354196, 0.0363283, 1.5206
-0.396243, 0.00177571, 6.48211
-0.414986, 0.108723, 15.4089
-0.38312, 0.0498219, 2.4049
-0.400357, 0.0390723, 4.08103
-0.391737, 0.0660329, 12.155
-0.407393, 0.0612892, 9.98977
-0.432998, 0.0691515, 32.4258
-0.416062, 0.0532203, 6.90708
@@@,@@@,@@@
0.224167, 3.20719, 108.896
0.481466, 3.17956, 1.75755
0.293759, 3.45675, 0.933582
0.670173, 3.0747, 0.109227
0.460297, 3.15788, 2.20592
0.0978069, 3.02592, 0.104369
0.38505, 3.19198, 7.18971
0.107942, 3.29876, 5.42345
0.322699, 3.22267, 1.54804
0.236625, 3.09256, 0.749405
0.297334, 3.21597, 4.50855
0.250002, 3.26259, 8.58912
0.236865, 3.26571, 0.812938
0.192663, 3.28182, 2.35479
0.252302, 3.18407, 1.32664
0.256206, 3.21052, 15.2267
0.268995, 3.1909, 1.08813
0.237421, 3.14103, 1.65314
0.133318, 3.1192, 2.76647
0.216164, 3.21762, 10.8351
0.210501, 3.16108, 7.48839
0.144409, 3.12627, 2.05109
0.0869783, 3.18437, 0.511302
0.167204, 3.15477, 4.87058
0.178976, 3.23707, 1.63512
0.125675, 3.19591, 10.4921
0.152394, 3.20569, 12.7879
@@@,@@@,@@@
-1.69158, 5.39288, 104.058
-1.43439, 5.15036, 0.350357
-1.65632, 5.05058, 0.73027
-1.91326, 5.60314, 0.179485
-1.80441, 5.65846, 3.90483
-1.60259, 5.10798, 0.0695873
-1.92449, 5.39871, 2.82056
-1.90656, 5.43107, 4.54451
-1.8716, 5.5071, 3.01502
-1.83574, 5.5522, 2.49733
-1.87906, 5.4343, 3.42822
-1.85481, 5.46927, 3.52746
-1.86949, 5.33468, 0.753137
-1.81417, 5.46064, 1.85474
-1.82689, 5.35358, 0.845998
-1.82549, 5.38927, 6.64295
-1.77888, 5.34232, 3.30496
-1.61396, 5.24895, 1.37094
-1.68071, 5.38467, 4.06852
-1.67914, 5.35998, 7.31779
-1.60334, 5.46628, 0.529497
-1.6424, 5.29906, 1.16929
-1.53173, 5.44337, 1.91537
-1.57357, 5.30285, 1.52504
-1.61428, 5.33335, 4.6169
-1.5358, 5.37844, 11.216
-1.55905, 5.36577, 17.5126
-1.57402, 5.36435, 14.6767
@@@,@@@,@@@
-0.874917, 5.87314, 100.703
-0.494286, 5.75754, 0.15197
-0.639919, 5.59126, 4.6741
-0.978443, 5.61408, 0.461864
-1.04085, 6.11093, 2.47588
-1.09249, 6.02876, 0.126283
-0.686409, 6.06015, 0.295551
-0.865743, 5.63965, 0.240503
-1.08091, 5.8186, 3.7266
-0.982535, 5.70676, 0.421479
-0.804032, 5.7068, 3.40863
-0.721577, 5.96587, 2.83514
-0.83633, 5.75817, 4.95203
-0.960005, 5.84859, 3.71614
-0.913913, 5.83196, 0.626687
-0.925342, 5.84745, 11.065
-0.8815, 5.82704, 2.52455
-0.827632, 5.83719, 3.88846
-0.877852, 5.84474, 5.35748
-0.899353, 5.8538, 2.3002
-0.826833, 5.9912, 2.31131
-0.891422, 5.87346, 1.93155
-0.89954, 5.91925, 6.54652
-0.894548, 5.95651, 1.44078
-0.889164, 5.9332, 8.66583
-0.846888, 5.96074, 4.61083
-0.862782, 5.94482, 2.28906
-0.83958, 5.92886, 7.56618
-0.840712, 5.92302, 12.5871
@@@,@@@,@@@
-1.63966, 2.75545, 102.913
-1.68379, 2.36535, 0.836386
-1.33621, 2.66002, 2.31971
-1.45629, 2.54092, 0.439881
-1.40609, 2.65895, 0.521548
-1.44322, 2.6813, 4.77659
-1.46717, 2.75757, 2.5972
-1.83738, 2.60916, 1.36137
-1.70152, 2.65293, 2.69859
-1.74847, 2.7139, 4.91296
-1.60743, 2.68999, 2.24201
-1.66248, 2.68468, 0.778145
-1.61919, 2.7391, 6.77473
-1.69202, 2.7453, 0.795236
-1.62408, 2.80949, 7.23996
-1.69008, 2.76705, 3.10343
-1.63134, 2.79555, 2.29912
-1.63099, 2.77146, 2.26629
-1.6671, 2.77921, 5.12535
-1.66199, 2.77737, 13.2378
-1.65524, 2.78129, 22.5998
-1.65119, 2.78509, 16.1583
@@@,@@@,@@@
-1.97595, 2.30526, 105.207
-2.34636, 2.24092, 4.64819
-2.09816, 1.965, 0.385825
-2.3539, 2.54163, 1.53658
-2.22273, 2.1133, 1.09496
-2.25153, 2.2758, 3.67653
-2.19248, 2.26858, 0.712344
-2.34148, 2.20088, 1.3367
-1.92582, 2.13352, 1.94796
-1.7573, 2.37758, 1.18075
-1.85391, 2.19967, 0.119267
-1.78988, 2.30414, 0.101949
-2.11564, 2.41926, 1.47108
-1.91047, 2.24329, 12.0271
-1.85499, 2.3364, 0.61458
-1.87231, 2.34622, 15.5484
-1.93682, 2.27383, 9.41883
-1.95043, 2.29878, 2.81484
-1.90928, 2.32211, 14.173
-1.93538, 2.33802, 19.7749
-1.9281, 2.31772, 12.8242
@@@,@@@,@@@
0.618467, 2.50535, 100.251
0.384578, 2.1883, 0.871967
0.928647, 2.62416, 1.79508
1.3524, 2.57854, 0.358936
0.86046, 2.33972, 2.00062
0.856185, 2.6651, 0.547895
0.466317, 2.73704, 3.73461
0.849662, 2.48268, 0.537256
0.609129, 2.70991, 2.96045
0.417879, 2.40831, 3.84
0.509826, 2.65888, 0.998777
0.480831, 2.36017, 1.61412
0.456811, 2.5792, 2.18294
0.667015, 2.60342, 0.72004
0.540651, 2.56601, 3.84318
0.522449, 2.48184, 5.149
0.538165, 2.45231, 2.31299
0.698855, 2.41128, 0.177261
0.559934, 2.54407, 1.82234
0.562864, 2.51746, 1.12376
0.571921, 2.47069, 9.73087
0.616344, 2.43813, 15.0261
0.690733, 2.57128, 1.09958
0.625835, 2.50331, 6.1851
0.661386, 2.49372, 4.42342
0.669893, 2.51737, 27.5623
@@@,@@@,@@@
0.22325, 1.80891, 101.9
0.461481, 1.54105, 0.0445669
0.49746, 1.89601, 0.332886
-0.0302924, 1.87049, 2.07409
0.0348954, 1.63945, 0.0932615
0.0343914, 1.67941, 4.4439
0.292285, 1.96739, 7.4986
0.204169, 1.9615, 7.18231
0.296567, 1.94185, 0.50474
0.100676, 1.86125, 1.99073
0.245605, 1.93522, 0.357431
0.237197, 1.89505, 9.86015
0.270931, 1.8635, 0.866302
0.333498, 1.79655, 1.69146
0.278733, 1.85232, 1.21952
0.268394, 1.83519, 4.19708
0.283674, 1.81711, 7.74276
0.141872, 1.7329, 3.89715
0.285342, 1.77073, 1.78391
0.285727, 1.741, 3.12752
0.21276, 1.71391, 13.6778
0.249049, 1.77831, 2.128
0.235117, 1.76537, 11.8167
0.214276, 1.76578, 14.4467
0.197779, 1.75422, 1.30547
@@@,@@@,@@@
1.86429, 4.88371, 107.145
1.65424, 5.22951, 0.128635
2.0527, 4.69227, 0.639291
1.49081, 4.74773, 0.702576
1.7355, 4.5754, 4.58672
1.7084, 5.17774, 0.406224
1.68427, 4.60373, 0.182688
1.69574, 4.63048, 5.07068
1.65226, 4.97339, 0.296395
1.66418, 5.14044, 1.21332
1.91305, 4.61035, 0.616883
1.64982, 4.83997, 0.547931
1.8816, 4.70545, 2.94522
2.02861, 4.9947, 1.54844
2.02608, 4.86548, 1.12908
2.02514, 4.95886, 0.199154
2.00594, 4.92085, 0.786539
2.01827, 4.90717, 5.46216
2.02005, 4.91158, 2.77989
2.00021, 4.85547, 4.60838
1.81541, 4.75654, 0.300344
1.78824, 4.77745, 4.12337
1.76679, 4.8224, 0.920096
1.90905, 5.07124, 0.490253
1.73273, 4.9463, 7.89724
1.97189, 4.94058, 1.96457
1.91823, 4.85644, 2.95162
1.9196, 4.89696, 4.07382
1.89716, 4.93851, 15.6625
1.90506, 4.94097, 2.07576
1.78796, 4.95878, 3.20031
1.81714, 4.91526, 13.4927
1.8271, 4.9528, 1.35441
1.83567, 4.94843, 15.4766
@@@,@@@,@@@
-0.934698, 4.65324, 103.09
-1.22693, 4.39027, 0.470791
-0.577611, 4.685, 1.09159
-0.610041, 4.73538, 0.170913
-1.36416, 4.89659, 0.0848235
-0.919103, 4.89677, 2.55851
-0.711937, 4.69852, 1.09719
-0.879726, 4.86894, 1.02885
-1.28274, 4.55435, 0.718933
-1.12111, 4.64048, 3.68501
-0.98081, 4.55938, 12.1032
-0.957473, 4.54959, 3.26099
-1.02456, 4.66038, 10.3935
-1.03744, 4.77684, 0.948681
-0.964911, 4.58751, 0.473668
-0.975358, 4.70327, 2.6822
-0.962763, 4.71874, 3.20588
-0.89092, 4.71178, 4.38339
-0.924974, 4.67357, 11.2839
-0.849784, 4.64, 5.21496
-0.862353, 4.61707, 1.49512
-0.897252, 4.61375, 6.05111
-0.909259, 4.65284, 9.12407
-0.878228, 4.67897, 6.90573
-0.873578, 4.65943, 2.84529
-0.869885, 4.64797, 12.0434
@@@,@@@,@@@
-1.09835, 3.20968, 103.346
-0.857064, 2.90676, 0.0383261
-1.06837, 2.83847, 5.90776
-1.24179, 2.88393, 2.14656
-1.39893, 3.42198, 0.148061
-1.13699, 2.92887, 7.28253
-1.11012, 2.9702, 0.13646
-1.29397, 3.14564, 0.230657
-1.26947, 3.24609, 1.72309
-1.14161, 3.16831, 0.121687
-1.1325, 3.33544, 0.399871
-1.04901, 3.24952, 18.4293
-1.11963, 3.24001, 0.498535
-1.07134, 3.24617, 9.93229
-1.10805, 3.26692, 16.1302
-1.08363, 3.27702, 37.2419
-1.07421, 3.26758, 3.93176
@@@,@@@,@@@
2.39405, 3.97203, 101.048
2.41637, 3.65203, 0.394183
2.09137, 3.94774, 0.0174414
2.28603, 3.84527, 0.50886
2.26508, 4.00994, 0.14752
2.36926, 3.88761, 7.22581
2.46246, 3.93118, 2.9777
2.40043, 4.0095, 27.456
2.39845, 3.9416, 2.08963
2.36092, 3.97097, 1.83184
2.41182, 3.98681, 3.49845
2.40223, 3.9785, 6.33674
2.38826, 3.96911, 48.6372
@@@,@@@,@@@
1.75301, 5.8188, 101.725
2.03073, 6.06088, 1.58886
1.78598, 6.13547, 0.219479
1.75739, 6.13822, 1.15858
1.95827, 5.57613, 1.25554
1.76847, 6.12803, 0.317069
2.0013, 5.68714, 0.912025
2.09342, 5.86705, 0.346477
1.91245, 5.983, 0.0176586
1.72457, 5.97517, 0.284589
1.82918, 5.69053, 1.87675
1.76417, 5.69064, 0.305158
1.62202, 5.80495, 1.82429
1.80555, 5.89611, 5.53242
1.78109, 5.89377, 8.04714
1.70657, 5.71382, 3.24006
1.74958, 5.83319, 0.364218
1.77121, 5.74296, 1.15298
1.71988, 5.75808, 1.3631
1.73673, 5.78756, 4.97177
1.73355, 5.78882, 12.3722
1.7599, 5.77408, 13.1378
1.76369, 5.78257, 8.02244
1.68621, 5.8668, 0.616313
1.70332, 5.82134, 11.6226
1.70232, 5.84677, 18.7954
1.72253, 5.83606, 2.67568
@@@,@@@,@@@
1.88188, 1.74061, 102.651
1.8746, 1.51051, 0.84633
1.87626, 1.86219, 1.89816
2.01038, 1.91427, 3.03347
2.15196, 1.85255, 3.9197
2.12362, 1.53859, 0.426916
2.03553, 1.51539, 0.68696
1.88961, 1.79728, 2.18661
1.86084, 1.72474, 0.216486
2.11051, 1.79473, 0.259475
1.99679, 1.75341, 5.23412
2.00757, 1.67243, 20.0779
2.04442, 1.70139, 11.5705
2.11914, 1.71217, 0.29689
2.02296, 1.70589, 5.86317
1.87051, 1.98156, 0.394961
1.77785, 1.9072, 0.0705438
1.59322, 1.90928, 0.860311
1.62935, 1.71776, 1.80662
1.63071, 1.74453, 7.15988
1.68329, 1.7207, 12.2554
1.6687, 1.81863, 2.53402
1.69058, 1.82116, 4.10611
1.69476, 1.77287, 12.4621
1.72806, 1.77199, 4.73745
@@@,@@@,@@@
-1.49878, 4.46942, 103.328
-1.10717, 4.42867, 0.128776
-1.11524, 4.54667, 0.212962
-1.57841, 4.83357, 0.549148
-1.47184, 4.78264, 4.72771
-1.19254, 4.3732, 0.10709
-1.39242, 4.1631, 0.178284
-1.31933, 4.23245, 2.38966
-1.50246, 4.74406, 0.143389
-1.28687, 4.48, 0.33648
-1.33342, 4.39243, 1.93073
-1.3162, 4.6116, 0.845917
-1.96108, 4.70602, 0.103068
-1.28281, 4.41926, 1.92878
-1.70972, 4.55445, 0.33434
-1.57373, 4.48047, 7.38996
-1.54548, 4.47318, 2.27721
-1.5034, 4.46201, 50.3721
-1.50291, 4.44504, 29.7516
@@@,@@@,@@@
0.791957, 3.82247, 103.903
0.416295, 3.98466, 0.0682054
0.606622, 3.97186, 0.841117
0.718095, 3.4468, 1.87189
0.711076, 3.45106, 0.229128
0.686589, 3.47904, 1.45985
0.995867, 3.56358, 0.766499
0.818845, 3.52267, 0.158425
0.962677, 3.57395, 0.868752
1.00048, 3.63968, 1.72908
0.485385, 3.79988, 0.0243679
1.04579, 3.78008, 0.356189
0.971456, 4.02421, 2.76749
1.02761, 3.77162, 1.46701
0.994696, 3.97438, 1.69669
0.63518, 4.03855, 0.158972
0.566045, 3.8808, 0.358307
0.722735, 3.6199, 1.21405
0.98509, 3.78768, 0.943273
0.5525, 3.87662, 0.650829
0.586298, 3.83522, 2.03306
0.740809, 4.00528, 4.99015
0.681699, 3.9723, 4.06536
0.624973, 3.7507, 3.47829
0.911039, 3.90402, 5.19392
0.674487, 3.72106, 3.60033
0.793774, 3.96335, 0.864263
0.699948, 3.92924, 2.25431
0.653213, 3.78873, 1.56646
0.67909, 3.74025, 0.224219
0.796297, 3.94514, 0.671031
0.742629, 3.71533, 4.2713
0.697901, 3.86212, 3.38434
0.713488, 3.87358, 2.26636
0.703881, 3.79918, 4.99
0.712395, 3.84061, 0.675408
0.785751, 3.89947, 9.90266
0.746187, 3.80562, 8.60006
0.904484, 3.85935, 0.913523
0.854298, 3.75327, 6.08008
0.832452, 3.83854, 1.86864
0.859803, 3.81287, 8.78342
0.84209, 3.78992, 3.91894
0.83403, 3.78222, 2.39861
@@@,@@@,@@@
-0.955001, 0.78901, 109.768
-0.806667, 1.15152, 1.49167
-1.44906, 0.652241, 0.741034
-0.691361, 0.530942, 0.444075
-0.915883, 1.13523, 0.47268
-0.855158, 1.12466, 0.0601377
-1.19708, 0.981282, 0.184541
-0.866856, 0.958847, 3.25794
-0.812347, 1.01886, 15.8812
-0.863231, 0.996738, 3.86014
-0.755779, 0.909396, 2.81424
-0.953271, 0.977296, 4.11383
-0.770109, 0.871241, 3.10011
-0.743062, 0.709204, 0.131029
-0.778564, 0.80634, 2.47839
-1.04991, 0.47219, 1.36434
-0.800454, 0.591037, 2.64291
-0.790639, 0.752172, 1.47098
-1.12469, 0.620686, 0.0820605
-0.973074, 0.799044, 5.14949
-1.18617, 0.658145, 1.01889
-1.09806, 0.689113, 4.93602
-1.0054, 0.670305, 13.7585
-0.982719, 0.67638, 6.85902
-1.01073, 0.687167, 9.96748
-1.00418, 0.713805, 10.9503
-0.995357, 0.711363, 13.7622
@@@,@@@,@@@
0.422908, 3.1045, 109.492
0.991913, 3.45037, 0.311814
0.802999, 3.1198, 1.07167
0.819258, 3.00527, 0.368433
0.520479, 2.76383, 1.05567
0.397025, 2.75194, 0.992733
0.502997, 2.81521, 1.4732
0.458597, 2.81704, 0.0932612
0.716033, 2.81929, 0.0979964
0.648368, 3.21783, 0.0537857
0.577325, 2.96968, 2.56123
0.610986, 3.21211, 0.210172
0.567482, 3.01813, 2.28937
0.562529, 3.26209, 2.3535
0.528784, 3.02601, 6.83062
0.528822, 3.19738, 0.298748
0.439395, 2.98063, 0.55483
0.279814, 3.2162, 3.83957
0.364943, 2.98373, 0.143768
0.311063, 3.21103, 3.37398
0.297444, 3.13867, 2.71677
0.323112, 3.17893, 9.4401
0.381855, 3.21655, 0.76913
0.384895, 3.20804, 1.46534
0.327748, 3.13055, 2.29552
0.397814, 3.01994, 1.68109
0.471882, 3.07524, 3.28399
0.429176, 3.05898, 2.09856
0.433498, 3.04837, 7.6841
0.365821, 3.06398, 2.42592
0.348048, 3.13138, 5.0438
0.440656, 3.16613, 6.61377
0.357999, 3.08498, 1.02393
0.366074, 3.13908, 0.354352
0.434882, 3.12988, 6.81426
0.432862, 3.0973, 1.5032
0.405813, 3.08368, 3.77806
0.403416, 3.11266, 22.9531
@@@,@@@,@@@
-0.0368529, 5.0218, 106.765
-0.118106, 4.68312, 1.65526
-0.093485, 4.71753, 1.27087
-0.255555, 4.80998, 0.132451
-0.231863, 5.24579, 0.628683
-0.270665, 4.89056, 0.556762
-0.286551, 5.09093, 1.07622
-0.275874, 4.9825, 5.25116
0.199575, 4.93896, 1.64458
-0.118124, 4.83829, 2.62541
-0.23168, 5.0996, 0.697948
-0.0456126, 4.90554, 6.46816
-0.152186, 5.05066, 1.72611
-0.143019, 5.06645, 4.66782
-0.102911, 5.13967, 1.40311
0.0403605, 4.92321, 2.34965
0.0275855, 4.94879, 1.61051
0.0660778, 5.05145, 4.11711
0.050358, 5.05743, 5.42501
0.0452699, 5.04763, 7.68432
-0.00506793, 4.99724, 1.28642
0.00472067, 5.02398, 10.7138
-0.0606554, 5.03838, 3.28463
-0.0331645, 5.08697, 11.346
-0.026217, 5.03773, 3.45742
-0.0246319, 5.06313, 12.1179
-0.00724532, 5.04971, 12.2099
-0.00791412, 5.05959, 1.71611
@@@,@@@,@@@
1.15415, 0.564198, 108.073
1.31791, 0.873236, 1.97084
1.28968, 0.212944, 0.34457
0.858757, 0.658951, 0.0516351
1.42486, 0.632536, 0.808475
0.984506, 0.330911, 1.61072
1.14878, 0.306626, 2.23752
1.32224, 0.656197, 7.73592
1.09373, 0.363941, 0.867839
1.2802, 0.63042, 1.07466
1.05872, 0.441612, 1.13741
1.02778, 0.651119, 2.44985
1.2034, 0.678869, 1.61932
1.23392, 0.553241, 0.43534
1.23436, 0.523807, 0.871676
1.12684, 0.640639, 0.748745
1.16572, 0.492666, 0.229808
1.15407, 0.620814, 5.54991
1.1228, 0.557527, 22.0128
1.11973, 0.554433, 27.735
1.15172, 0.547952, 6.1642
1.1427, 0.553185, 20.4053
1.14455, 0.547595, 2.34323
@@@,@@@,@@@
-0.869834, 4.97696, 109.457
-1.31383, 4.9754, 0.278153
-0.913266, 5.26087, 0.297354
-1.02623, 4.76584, 0.472028
-1.07363, 5.08673, 4.07437
-0.991179, 4.88422, 3.11058
-0.780954, 5.10393, 0.212254
-0.791904, 5.07151, 0.00609824
-0.805476, 5.06925, 3.85983
-0.929466, 5.06075, 0.393634
-0.943892, 4.99425, 4.04443
-1.34216, 5.02387, 0.280223
-0.900414, 5.00807, 1.68008
-0.842711, 4.91078, 1.36993
-0.885361, 5.00583, 5.14393
-0.888206, 4.95928, 8.39669
-0.873248, 4.9931, 11.2733
-0.850131, 4.93181, 8.59481
-0.864509, 4.94906, 3.25829
-0.810084, 4.97271, 14.5295
-0.829562, 4.99677, 1.75831
-0.823772, 4.96067, 9.98885
-0.850289, 4.97218, 24.021
-0.832155, 4.97609, 2.51513
@@@,@@@,@@@
0.792839, 6.05949, 109.778
0.588773, 5.74927, 0.162291
0.989105, 0.0452755, 0.310668
0.500202, 5.89371, 0.261332
0.91861, 0.0668646, 1.9405
0.974119, 6.16039, 0.132834
0.612688, 6.12683, 0.927142
0.988451, 5.99462, 0.67491
0.643665, 5.93208, 0.625473
0.727776, 5.91753, 6.12551
0.787159, 5.90767, 2.79225
0.714834, 5.96655, 1.40187
0.814654, 5.96994, 9.45675
0.696235, 6.03334, 2.23917
0.698324, 6.04069, 1.50955
0.751257, 6.0135, 10.0753
0.717044, 6.05855, 6.50667
0.909127, 6.03544, 0.506615
0.787702, 6.14692, 12.3375
0.845833, 6.13352, 9.09404
0.865009, 6.0782, 4.23806
0.78442, 6.11537, 1.60233
0.790975, 6.11108, 5.68877
0.797894, 6.0619, 21.6112
0.822155, 6.06661, 9.90356
@@@,@@@,@@@
-1.8658, 0.324882, 105.489
-2.21907, 0.708601, 0.121908
-1.6594, 0.499093, 0.237677
-2.22252, 0.291107, 0.928197
-1.53917, 0.448264, 0.204646
-1.6444, 0.541469, 0.227964
-1.91123, 0.0505293, 1.4197
-1.74594, 0.104345, 0.88628
-1.81068, 0.0991518, 4.11238
-2.49596, 0.456685, 0.776649
-2.03496, 0.208531, 2.54592
-1.70168, 0.213146, 1.26438
-1.92193, 0.160009, 2.52149
-1.76037, 0.169765, 3.93515
-1.96516, 0.520472, 0.0893848
-1.83439, 0.169197, 1.08652
-1.78531, 0.213267, 2.83682
-1.89804, 0.229415, 8.34821
-1.78878, 0.40311, 0.309193
-1.82695, 0.326725, 5.85285
-1.82729, 0.365834, 0.541516
-1.80642, 0.371596, 9.14368
-1.87622, 0.343497, 7.76294
-1.82376, 0.417634, 3.39744
-1.89148, 0.38855, 0.987061
-1.85568, 0.358663, 3.60016
-1.83713, 0.399679, 9.29336
-1.86508, 0.394613, 21.8518
-1.85577, 0.379849, 11.7161
@@@,@@@,@@@
0.0840433, 1.876, 104.595
-0.196624, 1.69119, 1.31319
0.401041, 1.87068, 0.0480328
-0.157131, 2.06594, 0.108065
0.373504, 1.91087, 0.732572
0.0168708, 1.61485, 0.274184
0.117815, 2.12035, 0.785253
-0.00104816, 1.68969, 0.0513791
0.198028, 1.73103, 1.19615
0.178486, 2.01759, 1.63037
0.237683, 1.94554, 0.196182
-0.0205282, 1.98125, 0.515836
-0.0496224, 1.82363, 2.31085
0.130693, 1.74727, 3.17358
0.217669, 1.8604, 0.749023
0.156609, 1.99003, 1.18592
0.0782111, 1.77327, 1.18545
0.163951, 1.94094, 2.26339
0.00801081, 1.93323, 0.183435
0.0877424, 1.8067, 3.48918
0.051213, 1.81342, 1.79648
0.106674, 1.94845, 4.06429
0.138191, 1.91118, 4.03967
0.111537, 1.82109, 0.40126
0.12586, 1.8559, 0.378061
0.0821474, 1.92342, 3.75537
0.106388, 1.87677, 2.05451
0.0839207, 1.85223, 2.45331
0.0656546, 1.86619, 17.7261
0.0774646, 1.88274, 38.0871
0.0761188, 1.88446, 8.61872
@@@,@@@,@@@
-0.824509, 5.87751, 105.579
-0.47456, 5.86817, 1.69233
-0.600798, 5.83978, 0.495416
-0.719413, 6.06177, 1.27826
-0.65108, 5.93922, 6.50174
-0.910033, 5.67764, 2.77541
-0.901432, 5.8188, 4.14338
-0.795071, 5.80865, 7.82632
-0.862773, 5.80367, 11.4733
-0.795242, 5.85129, 13.9528
-0.851129, 5.85243, 3.815
-0.823793, 5.93814, 12.561
-0.822221, 5.93495, 5.75389
-0.819486, 5.89911, 4.50989
-0.859903, 5.87073, 5.52315
-0.868804, 5.91534, 23.4808
@@@,@@@,@@@
-0.155488, 2.49934, 101.454
-0.161443, 2.17792, 0.825686
-0.0121846, 2.423, 0.867548
-0.0287543, 2.52113, 1.36753
-0.0696919, 2.42536, 2.57614
-0.048734, 2.46167, 1.84488
-0.219588, 2.41045, 6.02169
-0.166639, 2.41617, 4.43344
-0.139251, 2.55255, 5.9383
-0.114352, 2.55624, 12.4632
-0.121318, 2.56995, 4.91393
-0.240359, 2.50322, 3.16442
-0.103819, 2.50722, 2.38591
-0.171733, 2.44121, 6.29781
-0.177801, 2.56162, 2.95569
-0.120786, 2.51372, 2.09604
-0.137787, 2.52301, 1.99352
-0.1431, 2.48519, 1.13128
-0.14173, 2.48768, 7.78465
-0.183544, 2.52713, 5.12587
-0.17475, 2.50881, 5.94162
-0.186761, 2.50262, 21.4782
@@@,@@@,@@@
-0.314015, 0.841827, 108.078
-0.243322, 1.18652, 0.229407
0.031074, 0.79437, 0.305077
-0.58574, 0.924291, 1.05003
-0.1338, 1.04053, 1.92096
-0.395058, 1.028, 0.250199
-0.163781, 0.918568, 1.36367
-0.251751, 0.96734, 4.50738
-0.240346, 0.944978, 1.78785
-0.274546, 0.954112, 5.25927
-0.396387, 0.930286, 0.22948
-0.301767, 0.947391, 4.40605
-0.274724, 0.912574, 9.95103
-0.27853, 0.900418, 11.2841
-0.398601, 0.902526, 2.57527
-0.462192, 0.740719, 1.06023
-0.437079, 0.859031, 1.25319
-0.339344, 0.905152, 1.24401
-0.267256, 0.681713, 4.65306
-0.256208, 0.832451, 0.789918
-0.400784, 0.817065, 7.66433
-0.36262, 0.84805, 5.68386
-0.338894, 0.809769, 1.69445
-0.334373, 0.800764, 0.86074
-0.312398, 0.771181, 16.9589
-0.3249, 0.754354, 12.8943
-0.339112, 0.759809, 7.37519
-0.3358, 0.765244, 1.23424
@@@,@@@,@@@
2.18486, 4.22075, 108.189
2.35683, 4.20297, 0.638195
2.21584, 4.5448, 0.238651
2.2856, 4.45658, 0.41887
2.02666, 4.17787, 2.48425
2.16276, 4.33257, 3.58217
2.29089, 4.26688, 0.143125
2.13159, 4.31089, 3.52806
2.2211, 4.31734, 4.70648
2.08062, 4.1897, 0.848122
2.26108, 4.17316, 0.652369
2.18487, 4.26811, 1.52523
2.23319, 4.23307, 3.35208
2.17037, 4.22843, 12.859
2.17713, 4.23205, 8.60636
2.21642, 4.20208, 7.75964
2.19644, 4.18073, 14.2547
2.17434, 4.20207, 31.6028
2.20208, 4.20452, 11.0978
@@@,@@@,@@@
0.332463, 2.75876, 105.536
0.695877, 2.88032, 0.126483
0.549237, 3.00358, 1.27747
0.588497, 2.93054, 0.232447
0.46395, 2.98086, 0.0125202
0.507922, 2.94543, 5.92868
0.0865178, 2.7842, 0.0557617
0.386966, 2.93993, 2.77981
0.124324, 2.72612, 1.47133
0.144742, 2.81963, 3.76335
0.356436, 2.89279, 2.80934
0.32375, 2.86012, 1.03872
0.304221, 2.89004, 8.77385
0.323472, 2.87772, 4.93614
0.387273, 2.86714, 4.01738
0.303896, 2.83732, 3.08574
0.275377, 2.76118, 18.0691
0.283538, 2.71756, 1.44876
0.336746, 2.74866, 0.660868
0.251957, 2.65949, 3.31106
0.272479, 2.63537, 5.48562
0.417688, 2.58938, 0.232957
0.41253, 2.64863, 4.86709
0.369338, 2.66306, 13.727
0.320666, 2.66955, 2.67232
0.330195, 2.63431, 11.7177
0.351672, 2.63978, 3.68982
@@@,@@@,@@@
0.893057, 2.71381, 107.173
1.02643, 2.34643, 0.581445
0.822377, 2.3444, 0.0652621
1.20482, 2.55549, 0.830242
1.19681, 2.69935, 7.75429
1.12286, 2.93053, 0.0434802
1.17914, 2.81107, 1.29722
1.05745, 2.97883, 0.102408
0.642434, 2.96604, 1.05958
0.772214, 3.00796, 0.998193
1.80899, 2.8794, 0.253051
0.55527, 2.72864, 1.06219
1.10565, 2.84656, 2.71278
1.04077, 2.4839, 0.604312
0.84658, 2.98037, 0.986544
1.08749, 2.69832, 0.0850061
0.839813, 2.90933, 0.410877
0.841114, 2.9088, 0.153616
1.02703, 2.74648, 4.13804
0.974931, 2.61199, 1.3261
0.7086, 2.75783, 0.329191
0.748262, 2.71539, 20.5438
0.770177, 2.64758, 2.57198
0.917446, 2.61186, 4.15639
0.830639, 2.60751, 5.87312
0.89871, 2.79023, 1.48375
0.808144, 2.7167, 4.21645
0.841851, 2.74509, 11.7377
0.849088, 2.71118, 7.91448
0.867414, 2.73584, 2.10055
0.896646, 2.70323, 20.9156
0.887253, 2.70124, 1.1774
@@@,@@@,@@@
-0.658866, 2.57953, 101.479
-0.725122, 2.96052, 2.37646
-1.00387, 2.4111, 0.501706
-0.397, 2.28977, 0.304318
-0.423025, 2.80651, 2.397
-0.453264, 2.8176, 0.217416
-0.758147, 2.29398, 0.2187
-0.888333, 2.41045, 6.45003
-0.619512, 2.85913, 1.55634
-0.399757, 2.47089, 0.204297
-0.922378, 2.48013, 0.348623
-0.426811, 2.67613, 1.82558
-0.438871, 2.63287, 4.95003
-0.653834, 2.34653, 0.283816
-0.573792, 2.71148, 1.63159
-0.515516, 2.60195, 13.7719
-0.678465, 2.72744, 1.44461
-0.850568, 2.6494, 2.24012
-0.563829, 2.50352, 0.118717
-0.756279, 2.54019, 10.5323
-0.754296, 2.57361, 1.87324
-0.680934, 2.5981, 6.77059
-0.688606, 2.5098, 5.1707
-0.673512, 2.51885, 4.0013
-0.668213, 2.55488, 10.4522
-0.644223, 2.55147, 22.3631
@@@,@@@,@@@
2.11674, 2.58193, 104.53
2.4283, 2.92472, 0.239446
2.24688, 2.22289, 0.718294
2.23321, 2.25503, 0.589939
2.23871, 2.45343, 5.24374
2.12749, 2.41241, 1.88595
2.26878, 2.66148, 4.54204
2.1729, 2.70393, 2.74884
2.18075, 2.6785, 3.28271
2.03211, 2.50532, 0.119191
2.09215, 2.50314, 4.95038
2.00872, 2.60855, 1.41823
2.03937, 2.52334, 1.15221
2.11642, 2.66584, 0.335003
2.06102, 2.65966, 2.4517
2.02337, 2.6173, 6.18668
2.0359, 2.60693, 9.52151
2.15617, 2.54144, 3.1923
2.12669, 2.6382, 1.02704
2.09507, 2.61882, 8.69089
2.09613, 2.61106, 7.47363
2.09073, 2.56698, 14.5696
2.1143, 2.57082, 17.0378
2.12628, 2.58634, 7.41345
@@@,@@@,@@@
-0.918099, 0.670519, 100.577
-0.571029, 0.592091, 0.579639
-0.979817, 0.323456, 1.12535
-0.932644, 1.00307, 0.243934
-0.789648, 0.934142, 0.376561
-1.14057, 0.41343, 0.293775
-0.849924, 0.383099, 1.12173
-0.661475, 0.52678, 0.612557
-0.633426, 0.692483, 3.07189
-1.15057, 0.566018, 0.466465
-1.05054, 0.468166, 1.13336
-0.961748, 0.435972, 1.28696
-0.811752, 0.878128, 0.205395
-0.734624, 0.775507, 6.78576
-0.785446, 0.52228, 0.691171
-0.738389, 0.624372, 1.06096
-0.794101, 0.78726, 0.329381
-0.862705, 0.81615, 0.58664
-0.999211, 0.805777, 1.14608
-1.02516, 0.781261, 3.53819
-1.02023, 0.727136, 0.237759
-1.03216, 0.686558, 1.36807
-1.00496, 0.726266, 2.50273
-0.962276, 0.7387, 4.05646
-0.895049, 0.719125, 3.36296
-0.890034, 0.637085, 2.58433
-0.957938, 0.65119, 15.6429
-0.949747, 0.660837, 15.6513
-0.937874, 0.660316, 2.39716
-0.915108, 0.666165, 26.4628
-0.922494, 0.687001, 1.98879
@@@,@@@,@@@
-0.0602832, 3.98228, 108.018
-0.230388, 4.34204, 0.462098
0.110682, 4.22905, 1.13349
0.137229, 4.2066, 0.21283
0.129881, 4.19687, 3.70744
-0.164644, 4.23506, 2.88156
-0.117662, 4.21777, 3.92653
-0.150363, 3.72609, 0.502517
-0.212821, 3.77542, 0.057132
0.0253958, 4.15144, 1.20875
0.128077, 3.86988, 0.291905
0.0178635, 3.82772, 0.983543
-0.12608, 4.07055, 1.19003
-0.185416, 3.91831, 2.20395
-0.0941398, 3.83556, 2.39559
-0.0243096, 4.06132, 1.51198
-0.104166, 3.87527, 3.00606
-0.131519, 3.90841, 0.901229
-0.132439, 3.9491, 13.7491
-0.0656889, 4.02259, 4.23468
-0.0773741, 3.99122, 4.51328
-0.0886911, 3.98006, 0.572784
-0.0357757, 3.96862, 3.42917
-0.0234088, 3.99277, 5.68785
-0.0268419, 3.98645, 13.3629
-0.0841353, 3.9456, 7.97361
-0.0371957, 3.92503, 26.3632
-0.0361781, 3.90501, 2.08296
@@@,@@@,@@@
1.14876, 3.72743, 102.15
1.00791, 4.03504, 1.65339
0.959556, 3.9903, 0.0925434
1.29555, 3.92288, 1.22156
0.929063, 3.75266, 0.46748
1.10849, 3.94642, 0.648731
1.26622, 3.90301, 5.87376
1.21484, 3.48652, 0.850334
1.3088, 3.83642, 0.222922
1.33015, 3.65568, 2.9213
1.11777, 3.85956, 3.68297
1.03135, 3.7114, 3.34393
1.19783, 3.63382, 1.53539
1.21495, 3.66692, 1.58504
1.12317, 3.62025, 2.74559
1.12223, 3.64832, 10.3302
1.17879, 3.67388, 6.61365
1.14133, 3.67831, 1.51812
1.14369, 3.65981, 11.7153
1.06166, 3.70625, 1.81174
1.16293, 3.7846, 2.44417
1.07942, 3.76267, 2.7263
1.13251, 3.77114, 10.7391
1.09278, 3.72998, 0.84275
1.09119, 3.70957, 1.35487
1.113, 3.74274, 5.61899
1.14127, 3.73118, 4.51955
1.13747, 3.71959, 9.38999
1.13237, 3.71286, 6.0706
@@@,@@@,@@@
1.818, 5.06914, 107.837
1.91372, 5.31713, 0.204727
1.55739, 5.13618, 0.431146
1.90716, 5.27005, 1.33317
2.00803, 5.14496, 4.11403
1.9111, 5.21558, 2.45443
1.7659, 5.21782, 0.242263
1.9618, 5.08353, 2.02811
1.71684, 5.18677, 1.78484
1.90888, 5.05209, 4.36587
1.87306, 5.05136, 12.0863
1.85822, 5.015, 0.662968
1.80921, 5.0219, 18.2789
1.80848, 5.04512, 6.30615
1.78738, 5.05483, 0.225865
1.748, 5.04433, 5.04368
1.75174, 5.06284, 8.35837
1.76124, 5.06816, 18.3813
1.79732, 5.08777, 7.43355
1.80161, 5.07698, 14.2182
@@@,@@@,@@@
1.46654, 0.0818186, 102.712
1.7373, 6.14186, 0.552443
1.50357, 0.422807, 0.029447
1.39634, 0.409616, 1.98167
1.39811, 6.03622, 1.39598
1.68233, 6.25768, 3.27374
1.65874, 6.23942, 1.97231
1.78171, 0.160801, 0.241658
1.37387, 6.23565, 5.43501
1.57107, 6.27304, 3.455
1.49393, 6.2321, 3.47671
1.48027, 0.0273241, 0.546221
1.47225, 0.131628, 32.9497
1.46995, 0.117698, 5.29013
1.4774, 0.0691184, 2.91954
1.41403, 0.0965009, 19.8868
1.42637, 0.0781309, 19.675
@@@,@@@,@@@
1.50963, 3.50758, 106.426
1.75474, 3.77811, 4.05721
1.83508, 3.65395, 0.753878
1.21865, 3.70702, 0.104061
1.75288, 3.55372, 4.49985
1.53147, 3.68593, 1.76666
1.52778, 3.67947, 0.879873
1.63416, 3.57476, 5.11591
1.54339, 3.33674, 0.765757
1.40602, 3.38896, 6.59071
1.51183, 3.57699, 4.28109
1.3981, 3.51746, 8.57723
1.47634, 3.53539, 6.84596
1.49789, 3.50483, 13.0121
1.45222, 3.47984, 11.8091
1.46222, 3.46491, 5.27609
1.48419, 3.46735, 32.4124
@@@,@@@,@@@
0.665096, 0.0833832, 105.305
0.572596, 5.98601, 0.0800051
0.597185, 5.9926, 1.02592
0.708067, 6.02115, 0.160152
0.415641, 6.13977, 1.09641
0.4013, 6.22196, 0.125626
0.397795, 0.0102478, 0.444548
0.411374, 6.27954, 2.38739
0.42971, 0.00180612, 2.51962
0.691505, 6.13672, 1.57511
0.859799, 0.292601, 0.328519
0.897019, 0.133342, 1.32861
0.475973, 0.150645, 2.97884
0.534143, 0.229083, 1.21153
1.1178, 0.0894214, 0.509648
0.704765, 0.252346, 0.737763
0.843252, 0.0928458, 0.562857
0.578231, 0.176594, 1.13446
0.622829, 6.28172, 1.02454
0.713137, 0.0044442, 8.12764
0.76549, 0.0884397, 7.65863
0.757293, 0.125226, 2.4357
0.709793, 0.0284945, 3.96099
0.713445, 0.0477677, 3.25785
0.585056, 0.0883234, 0.67214
0.72558, 0.105014, 2.03176
0.617601, 0.160892, 0.424229
0.602661, 0.13228, 1.50603
0.690977, 0.142567, 4.25301
0.658728, 0.15104, 8.34925
0.642184, 0.14699, 2.30678
0.621599, 0.0896426, 8.59145
0.675136, 0.0768628, 11.237
0.64032, 0.114166, 2.22795
0.655602, 0.106252, 4.45052
0.664726, 0.11504, 0.861892
0.666926, 0.11225, 14.0231
@@@,@@@,@@@
0.552485, 3.1936, 107.3
0.837515, 2.84402, 0.781658
0.332163, 3.06352, 0.357741
0.506941, 3.39538, 0.201926
0.471519, 3.16403, 0.131902
0.488527, 3.17887, 4.73148
0.569972, 3.22328, 26.8989
0.571435, 3.16165, 1.97282
0.574425, 3.19684, 12.9803
0.535622, 3.15683, 4.7386
0.564818, 3.18473, 8.26894
0.537565, 3.19895, 12.9445
0.537065, 3.18605, 33.3634
@@@,@@@,@@@
0.5131, 6.01301, 101.676
0.212478, 5.76171, 0.749755
0.427938, 5.65108, 0.125984
0.20483, 5.81655, 8.38577
0.225476, 6.20701, 0.422453
0.518701, 6.24591, 19.3731
0.453027, 6.26735, 0.359798
0.327554, 6.07359, 0.798791
0.42912, 6.09003, 1.70437
0.381662, 6.11067, 2.18972
0.342619, 6.14695, 2.92864
0.38285, 6.15958, 9.91082
0.519294, 5.64755, 2.05823
0.445937, 5.83277, 2.74181
0.434145, 6.04524, 1.02324
0.626454, 6.13118, 0.330464
0.734501, 5.8454, 2.43323
0.732752, 5.85283, 0.927873
0.447373, 6.00055, 1.85177
0.687011, 5.8454, 0.263638
0.600157, 5.81212, 3.18597
0.544471, 5.83519, 0.780071
0.572364, 5.86947, 1.00863
0.717972, 5.95307, 0.317324
0.590229, 5.94555, 3.56302
0.614624, 5.93851, 12.3894
0.611346, 5.92575, 6.33717
0.611023, 6.00109, 0.318064
0.584477, 5.97808, 16.4787
@@@,@@@,@@@
-2.15712, 5.00834, 105.298
-2.49795, 5.01148, 0.837278
-2.22625, 4.80426, 0.248187
-2.18486, 4.94632, 20.0771
-2.08339, 5.07495, 3.3192
-2.19724, 4.97171, 4.99819
-2.15839, 4.95998, 5.17119
-2.20233, 5.02127, 2.40098
-2.18582, 5.03541, 16.0607
-2.08777, 5.03093, 2.80594
-2.12928, 5.02821, 48.9448
-2.12365, 5.0131, 0.511271
@@@,@@@,@@@
-0.605276, 4.16009, 106.436
-0.982975, 4.05822, 0.17968
-0.421163, 4.39783, 0.320581
-0.635644, 3.87758, 0.467204
-0.328093, 4.1622, 0.658046
-0.508542, 3.93592, 1.9916
-0.635684, 3.99146, 0.524034
-0.756321, 4.31446, 0.787877
-0.429916, 4.08787, 1.12848
-0.766311, 4.29191, 0.491691
-0.445206, 4.2469, 1.32467
-0.710593, 4.02969, 1.79155
-0.503216, 4.04592, 2.26279
-0.453341, 4.20386, 1.4745
-0.566201, 4.30532, 2.85531
-0.68508, 4.26765, 7.48337
-0.692935, 4.08246, 1.18867
-0.622718, 4.24261, 4.31373
-0.590005, 4.21709, 2.45336
-0.562271, 4.18574, 10.2853
-0.557084, 4.16811, 14.8028
-0.556733, 4.10805, 4.48931
-0.616301, 4.19931, 6.8413
-0.645612, 4.08055, 2.66814
-0.628113, 4.09345, 3.09665
-0.630489, 4.11049, 6.07046
-0.660868, 4.12924, 1.95695
-0.645075, 4.16144, 5.37419
-0.634119, 4.13663, 19.4322
@@@,@@@,@@@
-0.544806, 2.82683, 103.739
-0.570717, 3.21271, 0.149168
-0.806584, 3.08213, 0.814158
-0.884779, 2.86662, 1.48162
-0.291849, 2.63886, 1.92618
-0.605551, 3.10902, 2.6404
-0.273528, 2.69625, 0.0834423
-0.820889, 2.88446, 0.712614
-0.708765, 2.62022, 0.420384
-0.760489, 2.86739, 2.16594
-0.639678, 3.01189, 0.651413
-0.407296, 2.98151, 0.254775
-0.546598, 3.00101, 0.145518
-0.549811, 2.9526, 1.80369
-0.64676, 2.80608, 4.45405
-0.616833, 2.8316, 3.72972
-0.537529, 2.90638, 4.79138
-0.428599, 2.80151, 0.245319
-0.54719, 2.85862, 16.6112
-0.578417, 2.77924, 1.38608
-0.459833, 2.81223, 1.70684
-0.465262, 2.82396, 4.84841
-0.506922, 2.83234, 2.98237
-0.524301, 2.82666, 2.53889
-0.514667, 2.79936, 23.1815
-0.491582, 2.78409, 1.02587
-0.51464, 2.77379, 10.6366
-0.50925, 2.77669, 12.6382
@@@,@@@,@@@
1.91399, 1.60918, 100.152
2.26348, 1.68658, 1.03236
2.24502, 1.65873, 6.26613
1.58029, 1.8402, 0.191768
1.76757, 1.95335, 0.230772
2.08387, 1.34105, 0.988023
2.08984, 1.85509, 0.629742
2.08827, 1.83892, 0.0208669
2.02235, 1.34971, 4.77541
1.77333, 1.9128, 0.551529
2.12066, 1.65848, 6.98894
1.74896, 1.34239, 0.217994
1.57406, 1.50914, 0.874454
2.00656, 1.82822, 0.270618
1.7162, 1.38527, 1.10221
1.63643, 1.48273, 1.34211
1.88511, 1.38409, 1.78057
1.91391, 1.84143, 1.9871
1.67302, 1.53066, 0.719713
1.68208, 1.684, 14.5065
1.94729, 1.74972, 8.24344
1.79379, 1.74235, 1.12351
1.70158, 1.55118, 0.443382
1.90437, 1.53378, 3.03169
1.91747, 1.50416, 1.69911
1.89219, 1.50499, 9.92864
1.8987, 1.50292, 3.17018
1.77508, 1.65823, 1.03515
1.8338, 1.57071, 2.29707
1.89036, 1.61667, 13.912
1.83368, 1.62287, 3.75627
1.82723, 1.6201, 3.78114
1.82777, 1.62385, 3.91541
@@@,@@@,@@@
1.13686, 4.64233, 101.896
1.4595, 4.82883, 2.79737
1.71177, 4.96656, 0.101327
1.4298, 4.52937, 0.09516
0.850058, 4.7964, 0.829297
0.961475, 4.90463, 1.63044
0.88894, 4.71439, 4.92558
1.10929, 4.3997, 1.09616
1.01569, 4.46755, 1.24328
1.0129, 4.69832, 2.52804
1.16391, 4.76353, 0.617196
1.03086, 4.68899, 3.33449
1.04195, 4.62075, 5.15539
1.07641, 4.56234, 7.11822
1.07419, 4.6755, 1.86823
1.11284, 4.68806, 16.3563
1.09521, 4.61139, 5.49542
1.14179, 4.57201, 9.68547
1.27097, 4.63312, 2.21616
1.1869, 4.58912, 4.35144
1.21263, 4.60196, 5.06346
1.17841, 4.66007, 0.883875
1.19756, 4.63205, 21.5401
1.21905, 4.65648, 3.24022
@@@,@@@,@@@
0.632266, 4.36833, 108.578
0.816534, 4.69136, 1.02142
0.794494, 4.0475, 0.225195
0.461864, 4.65798, 0.0179955
0.655011, 4.09, 0.942278
0.428653, 4.17788, 0.211495
0.445165, 4.51717, 4.29181
0.40088, 4.42301, 1.1575
0.659227, 4.11934, 1.05849
0.450997, 4.22496, 0.456387
0.489042, 4.53449, 2.1952
1.04726, 4.30505, 0.528382
0.754906, 4.47765, 0.726936
0.598733, 4.24693, 1.03611
0.615799, 4.25017, 6.12907
0.583636, 4.30696, 2.16426
0.659292, 4.41882, 12.2659
0.603938, 4.33021, 2.42328
0.644416, 4.33625, 1.50183
0.652996, 4.357, 21.4848
0.635329, 4.36839, 49.0405
@@@,@@@,@@@
-0.206257, 4.28071, 101.041
0.0268822, 3.96075, 0.413557
-0.268838, 3.92556, 0.615402
-0.467941, 4.45127, 2.17904
-0.487237, 4.25411, 1.79713
0.0696933, 4.2754, 0.370641
-0.0629926, 4.50361, 1.37445
-0.0104286, 4.27684, 1.24329
-0.0530154, 4.36233, 0.266198
-0.106287, 4.38097, 1.55082
-0.0797918, 4.24261, 2.64649
-0.127068, 4.20987, 1.03598
-0.287066, 4.30348, 7.89831
-0.272689, 4.22346, 0.349165
-0.120351, 4.27222, 4.47279
-0.241228, 4.28488, 10.0085
-0.19759, 4.27353, 63.9444
-0.174179, 4.29773, 1.0183
