ETA,PHI,PT
0.266183, 1.8073, 103.695
0.54144, 1.56676, 0.141383
0.0760441, 2.07934, 0.248741
0.428831, 1.51684, 0.337229
0.547246, 1.93733, 0.604263
0.524346, 1.89008, 2.77949
0.272074, 1.53709, 0.130488
0.145688, 1.56074, 0.703647
0.404568, 1.61928, 0.998479
0.237103, 2.01459, 0.718081
0.0737004, 1.77944, 0.71539
0.264454, 1.63772, 0.294065
0.265437, 1.64413, 1.43261
0.352265, 1.88584, 0.898406
0.321035, 1.73842, 1.71082
0.242938, 1.90532, 0.572493
0.302584, 1.74848, 5.84373
0.3092, 1.75199, 1.45548
0.321321, 1.8502, 2.7126
0.298059, 1.87108, 6.87298
0.203642, 1.88121, 0.934383
0.255231, 1.87666, 5.56116
0.208992, 1.74313, 1.23587
0.231145, 1.77829, 0.72494
0.255004, 1.77176, 13.2646
0.256852, 1.78868, 9.70535
0.260874, 1.78777, 7.11348
0.269675, 1.84774, 3.13557
0.23824, 1.85139, 4.66136
0.249167, 1.82854, 5.56911
0.220568, 1.81389, 22.8206
@@@,@@@,@@@
-2.33494, 4.15446, 101.203
-2.44303, 3.83732, 2.01791
-2.28231, 4.46598, 0.0646542
-2.48692, 4.03804, 1.87489
-2.22417, 4.03222, 2.04867
-2.27496, 4.14176, 5.74759
-2.34802, 4.15965, 20.3552
-2.33761, 4.15962, 1.95784
-2.32905, 4.16984, 67.2767
@@@,@@@,@@@
0.897801, 0.90153, 105.162
0.643725, 1.1768, 0.694536
0.662605, 0.873977, 0.29922
0.833385, 0.756295, 1.33372
0.994269, 0.990811, 7.03843
0.993663, 0.98183, 1.90434
0.872477, 0.776253, 2.65245
0.958267, 0.922426, 13.6079
0.963599, 0.912204, 5.29057
0.846586, 0.950941, 9.62767
0.891906, 0.930328, 7.46632
0.900564, 0.913457, 5.93618
0.884608, 0.907378, 10.5263
0.831629, 0.850103, 1.55289
0.868532, 0.859886, 36.1108
0.880802, 0.888255, 1.26842
@@@,@@@,@@@
0.312582, 1.90508, 104.133
0.106049, 1.57242, 0.0229044
0.69514, 1.83489, 0.798601
0.550444, 2.18057, 0.31082
0.540871, 1.8223, 0.273544
0.284607, 2.13828, 0.452014
0.48976, 2.01842, 1.62629
0.501381, 1.83337, 1.64691
0.168699, 2.05376, 0.410666
0.306753, 1.73163, 1.37501
0.407202, 2.0133, 2.92666
0.273905, 2.0308, 0.343923
0.410955, 1.93103, 1.41025
0.37644, 1.96487, 3.96429
0.292733, 1.82758, 3.28479
0.287278, 1.89847, 26.2761
0.298745, 1.90155, 8.19715
0.295539, 1.90178, 50.9192
@@@,@@@,@@@
2.08052, 1.75804, 108.335
2.39138, 1.62567, 1.03664
1.82935, 1.70864, 1.05434
1.94259, 1.61692, 0.438906
1.92908, 1.64293, 0.9695
2.12901, 1.60306, 0.251734
2.17104, 1.88398, 0.902832
2.02294, 1.85979, 2.20332
2.01746, 1.69087, 3.56441
2.12499, 1.8115, 5.65955
2.1349, 1.78366, 10.299
2.06439, 1.71666, 3.73642
2.05441, 1.71831, 7.50366
2.05384, 1.7271, 8.49239
2.08028, 1.78434, 12.1697
2.05904, 1.76139, 12.114
2.05835, 1.77364, 13.0822
2.05656, 1.7772, 5.87214
2.1096, 1.74808, 16.439
2.10349, 1.73471, 2.62875
@@@,@@@,@@@
0.482112, 4.82562, 103.872
0.338635, 5.16445, 2.15287
0.668596, 4.53691, 1.0305
0.210337, 4.69924, 2.9751
0.375378, 5.06629, 0.804566
0.284178, 4.97062, 0.298492
0.445922, 4.57513, 0.211072
0.703291, 4.92845, 1.2384
0.617289, 4.97937, 0.97933
0.530567, 4.72505, 0.342501
0.418656, 4.77782, 5.24103
0.541584, 4.82307, 2.82927
0.544141, 4.81387, 0.604349
0.459438, 4.83576, 5.04679
0.473453, 4.84882, 9.83633
0.49728, 4.82855, 25.2963
0.489168, 4.81484, 24.2438
0.492607, 4.81133, 20.9957
@@@,@@@,@@@
2.21473, 4.42856, 103.631
1.90412, 4.45175, 3.48267
2.49754, 4.38629, 0.37742
2.12588, 4.18942, 0.373102
2.17538, 4.20656, 0.758623
2.01242, 4.49964, 0.190928
2.06314, 4.2889, 1.2387
2.41773, 4.44979, 0.126346
2.08149, 4.49322, 1.96799
2.12508, 4.52223, 0.903007
2.12504, 4.42039, 4.65455
2.17169, 4.49459, 4.11461
2.20349, 4.35469, 2.52773
2.26329, 4.50363, 5.38041
2.27677, 4.42956, 11.1345
2.25148, 4.45393, 10.1459
2.2627, 4.43428, 7.42482
2.23137, 4.40162, 7.50877
2.21578, 4.40899, 8.16209
2.21672, 4.42069, 28.0917
2.20973, 4.42014, 5.15799
@@@,@@@,@@@
-0.476144, 3.63043, 101.775
-0.390414, 3.98528, 0.168787
-0.852296, 3.55067, 1.45403
-0.559548, 3.3822, 0.20629
-0.54023, 3.63578, 0.752764
-0.498552, 3.67066, 0.800486
-0.500081, 3.60321, 1.90621
-0.451322, 3.65064, 2.06555
-0.476206, 3.65376, 17.0232
-0.491306, 3.62791, 8.10126
-0.463817, 3.62722, 47.5254
-0.465848, 3.62389, 21.8
@@@,@@@,@@@
-0.774034, 5.59333, 106.596
-0.496751, 5.42512, 0.315869
-0.572162, 5.34547, 0.0637966
-0.682073, 5.88438, 0.41692
-0.938725, 5.35571, 1.56309
-1.08612, 5.54602, 0.208287
-0.852498, 5.37617, 1.7901
-0.905364, 5.46291, 3.27176
-0.746196, 5.51059, 4.74541
-0.705759, 5.68079, 2.49988
-0.847194, 5.58715, 3.57169
-0.808651, 5.53672, 3.50262
-0.811033, 5.67554, 0.655372
-0.791484, 5.68276, 1.06476
-0.686797, 5.62545, 1.20045
-0.759127, 5.67546, 0.0638183
-0.742169, 5.5683, 2.34387
-0.759238, 5.59026, 28.4041
-0.758764, 5.63394, 3.38643
-0.765202, 5.62398, 30.6474
-0.764795, 5.61725, 17.0804
@@@,@@@,@@@
-1.41436, 6.06923, 102.815
-1.82541, 5.96435, 0.409642
-1.36029, 0.158559, 0.711324
-1.68195, 6.11224, 1.96734
-1.68704, 6.05649, 0.986127
-1.68583, 6.06956, 5.04299
-1.61504, 6.22876, 5.19563
-1.35867, 0.06501, 0.040462
-1.63221, 5.97726, 0.686599
-2.08325, 0.0195008, 0.0795031
-1.15415, 5.92841, 1.68691
-1.57878, 6.02348, 0.439367
-1.84551, 6.1139, 0.26637
-1.98905, 6.23654, 0.311669
-1.47511, 6.12646, 6.92797
-1.43946, 6.1247, 0.360266
-1.3496, 6.11424, 3.96016
-1.32543, 6.09894, 9.34265
-1.39171, 6.00893, 2.96049
-1.3966, 6.04475, 4.70855
-1.3412, 6.04853, 2.30392
-1.35201, 6.04324, 54.6203
@@@,@@@,@@@
0.18261, 5.04913, 104.225
-0.108326, 5.15207, 2.12466
0.41993, 4.90414, 0.668014
0.412082, 5.09329, 0.654949
0.20809, 4.85119, 0.885244
0.127507, 4.86948, 1.19349
0.045996, 4.92386, 1.58935
0.129469, 4.88819, 1.09537
0.109286, 5.20163, 1.76083
0.280168, 5.08387, 9.88877
0.168645, 5.14491, 5.51642
0.198826, 5.08156, 7.15908
0.20849, 5.06402, 8.96025
0.172558, 5.06582, 14.9863
0.176147, 5.05299, 0.568116
0.169348, 5.05049, 2.4919
0.190619, 5.03767, 11.8522
0.166588, 4.99475, 2.25335
0.158165, 5.00957, 8.35261
0.176653, 5.02811, 10.5077
0.170474, 5.02055, 11.8745
@@@,@@@,@@@
1.107, 1.17478, 108.969
1.45827, 1.13976, 0.713028
0.78694, 1.22375, 0.413886
1.4018, 1.06492, 2.90761
1.31004, 1.39683, 0.473734
1.28966, 1.06663, 0.354583
1.30885, 1.10603, 0.790547
1.1874, 1.03549, 0.238599
0.988115, 1.09195, 0.0512884
1.08794, 1.11794, 1.26676
1.11763, 1.17135, 3.85221
1.10899, 1.18149, 3.91673
1.08864, 1.17785, 70.3929
1.09503, 1.18288, 23.6367
@@@,@@@,@@@
-0.0470547, 1.68359, 106.447
-0.296347, 1.93872, 1.00142
-0.315105, 1.50963, 1.79414
0.161439, 1.61862, 0.0864763
0.157272, 1.69125, 0.472409
-0.192594, 1.78576, 0.106089
-0.152234, 1.82272, 2.25625
-0.00581142, 1.82301, 1.05008
-0.0269979, 1.82257, 1.49133
-0.166658, 1.71593, 0.282283
0.0513996, 1.75753, 0.1513
-0.0091314, 1.78793, 8.96802
-0.0255803, 1.78836, 7.50324
-0.0269299, 1.57641, 9.51646
-0.0276964, 1.59863, 2.71395
-0.0773914, 1.61346, 16.0385
-0.0284558, 1.6096, 2.78208
-0.0451641, 1.62754, 10.8961
-0.0881482, 1.74604, 2.06514
-0.0601053, 1.74625, 4.31634
-0.0639954, 1.74005, 1.49443
-0.0585165, 1.69991, 7.81268
-0.0389585, 1.66445, 1.84435
-0.0106301, 1.69289, 19.9086
-0.033235, 1.71563, 2.23882
@@@,@@@,@@@
-0.0228344, 0.672819, 107.009
0.216835, 0.760915, 0.773314
0.0168602, 0.836022, 3.41246
-0.0753478, 0.720502, 1.8889
0.000892527, 0.62729, 8.24625
-0.0418859, 0.685819, 7.96699
-0.0257352, 0.667082, 81.8494
-0.0322796, 0.682637, 2.93284
@@@,@@@,@@@
-0.760053, 4.67399, 108.932
-0.506851, 4.91197, 1.64902
-0.72877, 4.81704, 0.432393
-0.782599, 4.5433, 1.2342
-0.864821, 4.62401, 0.225198
-0.805181, 4.72994, 6.12857
-0.828471, 4.72303, 12.1764
-0.815475, 4.70889, 8.39647
-0.831253, 4.62657, 5.80342
-0.748443, 4.74436, 7.43541
-0.739679, 4.56994, 2.6396
-0.786749, 4.60417, 1.09128
-0.743843, 4.58417, 4.17416
-0.700026, 4.59352, 6.71429
-0.781707, 4.65519, 6.39429
-0.756628, 4.63434, 5.74062
-0.72553, 4.62395, 2.18492
-0.699167, 4.64731, 8.43318
-0.742422, 4.65948, 5.38754
-0.722656, 4.66367, 5.32705
-0.73101, 4.69312, 15.5539
-0.744961, 4.68552, 1.99665
@@@,@@@,@@@
1.35571, 6.15762, 100.147
1.35614, 0.252071, 0.0197868
1.26149, 0.187656, 0.0920109
1.57492, 0.101491, 0.19403
1.36682, 0.151752, 2.04165
1.16005, 5.96242, 0.323765
1.6082, 6.08614, 0.0730432
1.25995, 6.11015, 6.3542
1.29736, 6.12297, 1.83402
1.32487, 6.18893, 15.3443
1.33818, 6.17192, 12.4703
1.32968, 6.15011, 0.879704
1.38126, 6.12165, 5.70943
1.38236, 6.15089, 20.1261
1.36986, 6.1499, 7.40125
1.37274, 6.14087, 27.4035
@@@,@@@,@@@
-1.33217, 5.29721, 106.51
-1.04372, 5.57818, 0.692135
-0.972901, 5.09158, 0.936043
-1.14317, 4.97133, 3.79301
-0.990089, 5.16739, 4.06011
-1.11728, 5.35793, 1.46628
-1.01315, 5.20285, 0.83491
-1.05643, 5.13513, 5.5383
-1.04472, 5.21475, 4.80571
-1.04168, 5.30288, 1.62357
-1.10848, 5.12176, 1.89907
-1.13667, 5.14668, 6.77654
-1.10166, 5.20007, 6.65377
-1.39324, 5.05428, 3.74879
-1.52325, 5.0726, 2.33233
-1.28133, 5.64735, 0.711107
-1.15742, 5.29618, 0.833982
-1.58336, 5.14769, 0.443429
-1.30088, 5.15704, 1.2403
-1.23677, 5.23286, 1.4705
-1.19433, 5.3545, 0.581156
-1.53624, 5.62675, 0.242974
-1.34045, 5.59502, 0.397019
-1.6101, 5.34584, 3.32143
-1.45701, 5.24208, 4.77865
-1.58586, 5.45658, 0.100775
-1.49941, 5.32627, 0.491385
-1.44413, 5.29405, 2.70387
-1.39839, 5.34865, 2.28795
-1.45019, 5.3526, 6.39424
-1.44704, 5.37898, 4.43664
-1.3387, 5.48779, 1.9449
-1.74712, 5.46863, 0.906504
-1.3599, 5.42759, 5.51657
-1.38845, 5.42503, 0.333023
-1.38059, 5.43947, 4.73734
-1.4678, 5.54841, 1.94368
-1.49533, 5.46922, 5.78066
-1.52356, 5.45694, 1.27964
-1.43127, 5.51512, 3.19405
-1.45359, 5.47334, 3.84197
-1.46188, 5.49401, 2.74881
@@@,@@@,@@@
1.64116, 4.10855, 108.93
1.36434, 3.9337, 0.864455
1.46395, 3.97028, 6.00518
1.5039, 4.05214, 13.5662
1.54703, 4.23238, 1.34338
1.54478, 4.20569, 0.519048
1.58739, 4.03754, 4.32357
1.70104, 4.00395, 0.572867
1.59568, 4.15173, 6.71922
1.69561, 4.20207, 5.49746
1.74085, 4.17109, 2.4966
1.67887, 4.18449, 5.62202
1.74185, 4.13383, 1.15536
1.63845, 4.08099, 1.44385
1.70542, 4.10026, 13.3569
1.72077, 4.10975, 4.1908
1.65901, 4.10883, 17.1266
1.67388, 4.13146, 16.5561
1.6971, 4.13941, 7.75007
@@@,@@@,@@@
-0.102949, 2.0917, 100.684
-0.0646917, 2.44292, 0.133035
-0.196903, 1.77389, 0.150176
-0.447011, 1.9953, 0.212066
-0.433667, 2.1275, 0.147598
-0.133636, 2.31101, 0.281785
-0.155561, 1.97233, 2.96192
-0.260582, 1.97765, 0.0588328
-0.0461739, 2.01006, 0.804901
-0.0203431, 2.10282, 11.0607
-0.128539, 2.15612, 5.63628
-0.0789326, 2.11963, 3.39031
-0.114696, 2.08789, 65.0116
-0.0857789, 2.09605, 10.8965
@@@,@@@,@@@
1.36483, 4.0198, 108.079
1.7325, 4.04172, 0.18711
1.28229, 4.25439, 11.2076
1.4187, 3.78425, 2.96417
1.38396, 4.10037, 5.45116
1.33645, 3.94723, 8.59411
1.36371, 3.96934, 6.54601
1.36981, 3.99072, 6.65826
1.36838, 3.99356, 29.6945
1.36992, 4.00824, 30.4547
1.37932, 4.00832, 6.77396
@@@,@@@,@@@
-1.78494, 4.74325, 104.112
-2.02776, 4.44989, 1.84289
-2.1244, 4.98945, 0.42464
-1.97557, 4.46337, 8.31145
-1.68442, 4.3971, 1.43407
-1.42595, 4.58852, 0.0897662
-1.39464, 4.67342, 0.133003
-1.78687, 5.12139, 1.61607
-1.65196, 4.45816, 0.365883
-1.4294, 4.62759, 0.470366
-1.4295, 4.80489, 0.83426
-1.49021, 4.64181, 0.661249
-1.44375, 4.73273, 2.39554
-1.58275, 5.01842, 0.933757
-1.52825, 4.94797, 0.723232
-1.50836, 4.67912, 4.35598
-1.50852, 4.73408, 7.3101
-1.49735, 4.73575, 2.63794
-1.71686, 4.52472, 3.05622
-2.16723, 4.71987, 0.337676
-1.90784, 4.52761, 0.629408
-1.88886, 5.06451, 0.302867
-1.71862, 4.57196, 0.906553
-1.9416, 4.98009, 0.565656
-1.86756, 4.99534, 0.503693
-1.82173, 4.90943, 0.162795
-1.77979, 4.72477, 4.62764
-1.86658, 4.84988, 0.0887037
-1.81676, 4.80333, 55.109
-1.81528, 4.77817, 4.23326
@@@,@@@,@@@
-0.262464, 3.67332, 102.446
-0.0746384, 3.58234, 1.23031
-0.183742, 3.57139, 1.00876
-0.187998, 3.59372, 0.40248
-0.297699, 3.57131, 1.38927
-0.252635, 3.58861, 3.37863
-0.318722, 3.6957, 5.39016
-0.279927, 3.70075, 10.4355
-0.256467, 3.69721, 8.85839
-0.243976, 3.66807, 14.183
-0.269499, 3.66343, 6.94169
-0.26132, 3.67742, 35.8418
-0.27196, 3.6772, 13.4254
@@@,@@@,@@@
-0.112083, 3.31519, 102.798
-0.261184, 3.65869, 1.09311
0.223987, 3.16534, 0.0581231
-0.141986, 3.6284, 0.0749268
-0.059762, 3.58368, 1.11146
-0.385474, 3.34606, 0.528045
-0.340327, 3.45221, 0.434234
-0.158233, 3.51061, 7.94452
-0.160318, 3.49168, 8.90978
-0.101016, 3.49865, 0.573352
0.0229105, 3.08607, 0.133458
0.0828262, 3.35083, 0.161145
-0.136734, 3.37053, 3.42203
-0.0329269, 3.1676, 0.116356
-0.0147024, 3.26565, 1.26981
-0.103048, 3.1896, 4.85853
-0.154071, 3.30218, 3.65652
-0.149047, 3.28372, 2.99503
-0.132414, 3.25878, 6.76924
-0.0741844, 3.226, 3.79812
-0.0883825, 3.28162, 3.03435
-0.103508, 3.27805, 20.2491
-0.0588903, 3.26306, 2.98403
-0.0646383, 3.2526, 5.3849
-0.0820151, 3.264, 16.9968
-0.0910923, 3.26165, 6.79227
@@@,@@@,@@@
-0.518674, 0.741314, 108.897
-0.505343, 1.02397, 0.755165
-0.522659, 0.541599, 0.755827
-0.674035, 0.809649, 0.335521
-0.54969, 0.88622, 4.39672
-0.434078, 0.647353, 5.12463
-0.626276, 0.749523, 2.40014
-0.511785, 0.67035, 1.24017
-0.459445, 0.73965, 1.9482
-0.556825, 0.730411, 6.12094
-0.508002, 0.727169, 31.6898
-0.520208, 0.7438, 42.2607
-0.524946, 0.761638, 11.9933
@@@,@@@,@@@
0.431988, 4.13431, 104.924
0.430653, 3.79719, 1.14134
0.614799, 4.32031, 0.284054
0.680747, 3.92038, 0.12885
0.307979, 3.97624, 1.74172
0.344181, 4.31822, 1.48287
0.5367, 4.17664, 1.18633
0.515303, 4.10953, 3.09656
0.498161, 4.09153, 2.07994
0.432573, 4.14337, 56.2844
0.422381, 4.13329, 37.6231
@@@,@@@,@@@
1.16194, 0.83344, 109.672
0.869576, 0.585961, 1.05054
1.93983, 0.603921, 0.0856129
1.11691, 0.817257, 10.5016
1.13152, 0.839523, 2.44642
1.16038, 0.818036, 12.2621
1.14862, 0.847472, 3.06467
1.18035, 0.831066, 20.3181
1.16968, 0.846991, 43.7056
1.16353, 0.835513, 16.2791
@@@,@@@,@@@
-2.30622, 5.22472, 109.156
-2.39814, 4.89685, 0.831274
-2.30757, 4.97221, 0.00804249
-2.4155, 5.40465, 1.33738
-2.48808, 5.29293, 0.768022
-2.19071, 5.38207, 0.483576
-2.40941, 5.32431, 0.733595
-2.30841, 5.12017, 1.17356
-2.20842, 5.18488, 4.25871
-2.23318, 5.18928, 6.76472
-2.37197, 5.18652, 5.46951
-2.32416, 5.27234, 2.80887
-2.30551, 5.21583, 13.0243
-2.3021, 5.24378, 4.42024
-2.3062, 5.23202, 61.0229
-2.30035, 5.22824, 6.15278
@@@,@@@,@@@
0.109789, 5.71994, 108.615
-0.125846, 5.40307, 0.26048
-0.274882, 5.76441, 0.425905
0.243516, 6.01236, 0.279775
1.42475, 5.88553, 0.0884806
0.395779, 5.48901, 0.100273
0.113228, 5.82065, 0.0259387
0.118594, 5.71441, 42.1058
0.103911, 5.72327, 65.1925
0.136257, 5.73779, 0.166158
@@@,@@@,@@@
-1.03984, 4.1401, 106.139
-0.706905, 4.18865, 1.24184
-0.739216, 4.1499, 1.20799
-0.900301, 4.15559, 4.00217
-0.961537, 4.03401, 0.438247
-1.07868, 4.26901, 0.830966
-1.01331, 4.22991, 6.61505
-1.00376, 4.05833, 7.31414
-0.999688, 4.20071, 2.01039
-1.03259, 4.07573, 0.404907
-1.01085, 4.0931, 4.91783
-1.01218, 4.13657, 11.392
-1.05243, 4.08504, 1.11121
-1.0484, 4.09172, 7.00816
-1.12208, 4.18262, 0.86837
-1.09849, 4.19104, 2.55282
-1.03332, 4.14242, 4.48315
-1.05289, 4.15735, 6.34003
-1.0645, 4.13079, 4.43809
-1.07688, 4.12863, 12.2189
-1.08291, 4.15008, 25.4343
-1.09819, 4.15897, 1.39879
@@@,@@@,@@@
2.30622, 3.92817, 107.959
2.35918, 3.97103, 0.191242
2.43908, 3.84937, 1.14331
2.29271, 4.07613, 1.66631
2.372, 4.02979, 1.03179
2.35772, 4.01912, 0.76335
2.36525, 3.84039, 3.96586
2.23281, 3.94386, 1.02387
2.2743, 3.98942, 6.49163
2.26132, 3.91408, 1.61993
2.27414, 3.93691, 16.4015
2.34541, 3.91463, 1.26542
2.33746, 3.94608, 7.15785
2.31528, 3.90195, 15.9407
2.30699, 3.92665, 31.0848
2.2981, 3.91887, 18.2779
@@@,@@@,@@@
-0.713307, 3.18582, 102.268
-0.594483, 3.55938, 0.124174
-0.405875, 3.00799, 0.281711
-0.544622, 3.4936, 0.0765437
-0.680692, 3.52212, 0.269155
-0.424513, 3.14382, 1.66873
-0.846845, 3.36118, 0.705273
-0.580174, 3.33994, 3.88724
-0.516654, 3.1729, 0.394053
-0.893911, 3.19882, 0.905835
-0.844, 3.3022, 0.424845
-0.87864, 3.14429, 0.498449
-0.566871, 3.16164, 1.30549
-0.667218, 3.30787, 3.91254
-0.736744, 3.32112, 0.711751
-0.762453, 3.31309, 1.65537
-0.727928, 3.31222, 2.87106
-0.866738, 3.15501, 0.519509
-0.803932, 3.28883, 3.25398
-0.649919, 3.05608, 1.96471
-0.610199, 3.1045, 2.05395
-0.698259, 3.04766, 3.85061
-0.619165, 3.18648, 2.40085
-0.622264, 3.15883, 1.71309
-0.702864, 3.07224, 5.28313
-0.748202, 3.27736, 0.168613
-0.647536, 3.15202, 1.22928
-0.652838, 3.13226, 2.83188
-0.809215, 3.12799, 0.964486
-0.786066, 3.1181, 2.03891
-0.764277, 3.10412, 0.826236
-0.690817, 3.15504, 3.05102
-0.729411, 3.12283, 8.03894
-0.776137, 3.17741, 10.8604
-0.782706, 3.19165, 4.1707
-0.741733, 3.23262, 4.87254
-0.732272, 3.17685, 4.74576
-0.730185, 3.19633, 0.998206
-0.72355, 3.20003, 1.50763
-0.693676, 3.19372, 6.64466
-0.706937, 3.20763, 7.42437
-0.697171, 3.21644, 1.48135
@@@,@@@,@@@
2.14886, 0.6849, 100.913
2.11702, 0.342622, 0.397743
1.8463, 0.611761, 1.90247
2.19755, 0.448683, 1.88273
1.98198, 0.816567, 0.726762
2.09881, 0.845378, 0.718029
2.2038, 0.838049, 3.03892
2.16127, 0.823155, 4.49805
2.21059, 0.601736, 6.76107
2.09708, 0.727567, 1.18369
2.14466, 0.739768, 19.5388
2.10794, 0.637085, 2.39706
2.11602, 0.685338, 4.37643
2.16708, 0.686105, 5.61422
2.13324, 0.650485, 5.68182
2.13902, 0.674376, 8.31454
2.15325, 0.66243, 24.3769
2.14978, 0.663933, 9.74725
@@@,@@@,@@@
-0.208017, 5.97892, 104.576
0.0707243, 5.74553, 0.0377718
-0.387859, 5.74912, 0.173643
-0.365767, 5.79616, 2.06068
-0.212511, 5.85346, 0.798244
-0.0871085, 5.99235, 0.577364
-0.288401, 6.05361, 4.79424
-0.0940717, 5.96589, 2.82438
-0.245211, 5.89536, 0.362588
-0.133558, 5.92331, 1.61441
-0.136009, 6.03758, 2.58749
-0.284067, 5.99146, 6.87378
-0.162437, 5.91035, 2.91412
-0.215282, 6.0147, 14.3092
-0.204978, 5.93968, 1.02092
-0.208399, 5.94614, 4.53042
-0.180596, 5.95818, 2.38889
-0.196777, 5.95503, 9.91165
-0.19933, 5.98401, 46.8884
@@@,@@@,@@@
0.77835, 4.88928, 102.304
0.509422, 5.05907, 0.279023
0.906903, 4.72821, 0.153809
0.723456, 4.69427, 2.26919
0.740658, 5.08729, 0.464754
0.657327, 4.7491, 1.08796
0.928635, 4.98898, 0.869243
0.674136, 4.92535, 1.49986
0.812168, 4.98244, 7.39799
0.689786, 4.92038, 2.34092
0.810941, 4.92501, 6.95168
0.810936, 4.90997, 4.53825
0.799188, 4.86416, 32.0088
0.738103, 4.86389, 5.37127
0.766887, 4.87067, 1.36308
0.76639, 4.86981, 3.80833
0.754487, 4.88036, 5.44428
0.761234, 4.90141, 26.5833
@@@,@@@,@@@
-2.07896, 3.03641, 101.168
-1.8623, 3.3551, 0.0619982
-2.19074, 2.73594, 0.174763
-2.02829, 3.27514, 1.05245
-1.83921, 3.03049, 1.30972
-2.11437, 3.21559, 0.468502
-1.9228, 3.05408, 0.554046
-2.04681, 3.18391, 1.99936
-1.95875, 3.07732, 1.36364
-2.20929, 2.97947, 0.872558
-1.97895, 2.98903, 4.4532
-2.05084, 2.94445, 5.78543
-2.15963, 2.96751, 2.12876
-2.31846, 2.98431, 0.204549
-2.1055, 2.97835, 4.80543
-2.06027, 3.03134, 12.4405
-2.10032, 3.04236, 31.1888
-2.07913, 3.05185, 11.3664
-2.08588, 3.04962, 21.0578
@@@,@@@,@@@
-1.27642, 2.73101, 106.962
-1.6156, 2.55893, 0.940001
-1.21336, 2.38833, 0.679576
-1.40132, 2.41299, 0.796162
-1.35084, 2.76473, 0.110118
-1.16955, 2.4873, 0.279065
-1.22498, 2.48595, 2.77607
-1.38933, 2.90584, 0.140071
-1.60393, 2.8574, 0.0963552
-1.30302, 2.91582, 0.515145
-1.42201, 2.79687, 0.41022
-1.39101, 2.67096, 2.34859
-1.17435, 2.7916, 0.442938
-1.35182, 2.73033, 2.37229
-1.23989, 2.81116, 1.95356
-1.24303, 2.74269, 15.9732
-1.25078, 2.73474, 13.4996
-1.25731, 2.75297, 1.96813
-1.27184, 2.7595, 11.884
-1.27628, 2.73683, 27.5205
-1.27715, 2.74869, 22.476
@@@,@@@,@@@
2.39318, 1.34424, 105.832
2.28244, 1.12453, 0.0956333
2.19564, 1.34165, 1.74701
2.3396, 1.32146, 2.7179
2.34554, 1.36198, 3.99688
2.43296, 1.38252, 3.67247
2.42252, 1.31698, 5.31574
2.42414, 1.32879, 12.3188
2.41136, 1.35403, 16.6446
2.38267, 1.36286, 15.2673
2.3885, 1.37153, 2.3649
2.39841, 1.3379, 12.6934
2.38412, 1.33107, 16.4357
2.38429, 1.34394, 12.5771
@@@,@@@,@@@
-1.35237, 3.3378, 102.039
-1.71886, 3.64498, 0.16625
-1.59477, 3.12583, 0.71457
-1.17079, 3.15877, 1.06207
-1.57206, 3.46805, 0.186905
-1.28623, 3.51279, 1.15691
-1.28217, 3.476, 3.13065
-1.30937, 3.21817, 0.940505
-1.2624, 3.32547, 12.7788
-1.35626, 3.42196, 1.9191
-1.42751, 3.33913, 13.493
-1.42457, 3.32208, 1.5612
-1.37853, 3.27525, 2.40865
-1.39146, 3.3662, 2.18363
-1.33193, 3.36022, 17.7107
-1.36955, 3.30466, 1.71207
-1.34923, 3.33166, 4.81648
-1.35454, 3.32268, 11.7236
-1.36024, 3.32566, 24.4929
@@@,@@@,@@@
-0.396876, 4.61677, 102.162
-0.33711, 4.91459, 1.37895
-0.44948, 4.40267, 0.326313
-0.503844, 4.60708, 3.13372
-0.464536, 4.67821, 0.437479
-0.433819, 4.64206, 9.17237
-0.4394, 4.61772, 10.4393
-0.344973, 4.63785, 5.37437
-0.408509, 4.62579, 18.059
-0.397578, 4.61114, 16.3631
-0.387503, 4.60564, 3.83482
-0.350227, 4.59963, 1.93893
-0.366872, 4.59532, 31.7856
@@@,@@@,@@@
0.958553, 4.83326, 103.547
0.651949, 4.66689, 0.596864
1.11395, 5.04744, 2.26561
1.12812, 5.01519, 0.566184
0.898846, 5.05623, 1.19039
1.00285, 4.70839, 1.0619
0.9334, 4.87974, 12.0277
0.957403, 4.87518, 2.53734
0.954903, 4.77577, 2.50913
0.966372, 4.82969, 52.577
0.937677, 4.79443, 10.3914
0.942801, 4.80287, 17.9669
@@@,@@@,@@@
-0.804397, 1.78634, 101.925
-0.494935, 2.03741, 0.975875
-0.463839, 1.58376, 0.669451
-0.442305, 1.90769, 1.49275
-0.970592, 1.46116, 0.0707354
-0.468429, 1.75531, 2.10804
-0.572015, 1.90818, 0.878736
-0.565744, 1.87237, 0.358518
-0.669206, 1.66436, 0.313206
-0.802263, 1.62761, 5.24375
-0.844628, 1.83278, 0.290761
-0.829438, 1.73895, 4.87801
-0.807311, 1.74833, 4.46544
-0.853087, 1.77821, 8.11232
-0.833277, 1.81183, 25.5866
-0.803764, 1.80192, 6.23922
-0.818031, 1.79256, 37.8748
-0.806285, 1.7853, 2.52235
@@@,@@@,@@@
-1.1812, 2.3957, 106.527
-1.49862, 2.2108, 2.22406
-1.29112, 2.05321, 0.108449
-0.900338, 2.64492, 0.427748
-1.3142, 2.09846, 0.161013
-1.14414, 2.06951, 2.41723
-1.34732, 2.13025, 0.167084
-1.43239, 2.26173, 1.17342
-1.09363, 2.20542, 0.0608333
-1.32124, 2.28112, 3.39599
-1.31823, 2.30046, 2.10696
-1.35042, 2.38135, 1.5563
-1.09579, 2.24373, 0.560123
-1.28455, 2.54537, 0.10146
-1.05047, 2.56065, 0.216598
-1.14877, 2.54772, 1.91629
-1.20892, 2.30422, 1.33945
-1.2241, 2.40453, 1.32249
-1.16426, 2.47743, 4.22079
-1.10823, 2.45701, 5.10782
-1.17051, 2.46267, 7.85354
-1.10777, 2.41131, 11.3387
-1.1118, 2.3955, 3.43113
-1.1799, 2.36526, 2.86373
-1.14203, 2.38838, 5.66825
-1.16412, 2.3854, 12.1394
-1.15152, 2.42939, 8.04838
-1.15071, 2.40678, 2.46955
-1.17504, 2.413, 18.3085
-1.19109, 2.4149, 6.15488
