ETA,PHI,PT
1.06223, 1.19433, 102.791
0.964348, 1.50687, 0.855932
1.19131, 1.04749, 2.07143
1.07197, 1.35835, 0.957555
1.11991, 1.34658, 2.86155
1.12942, 1.05818, 2.22902
0.974762, 1.09756, 7.44717
1.07774, 1.32981, 2.12317
1.08431, 1.1521, 3.81251
1.04367, 1.20469, 30.2147
1.07627, 1.19518, 20.7011
1.06538, 1.19484, 29.7066
@@@,@@@,@@@
1.74878, 1.57722, 105.065
2.32128, 1.76562, 0.633594
1.45293, 1.77068, 0.14944
2.03938, 1.52866, 0.0687609
1.80495, 1.75653, 0.516274
1.69741, 1.45922, 0.258771
1.78108, 1.67055, 4.24041
1.75023, 1.67735, 4.06332
1.85282, 1.52749, 0.539436
1.71338, 1.48764, 5.21887
1.73473, 1.56673, 44.5784
1.74681, 1.57833, 19.4197
1.75159, 1.57458, 25.465
@@@,@@@,@@@
1.64387, 4.11682, 107.543
1.6465, 3.73199, 1.28468
1.75393, 4.47848, 0.256601
1.34194, 3.90091, 0.0224918
1.57725, 3.78164, 0.0979979
1.48058, 4.37271, 0.720118
1.79066, 4.36879, 0.411682
1.50159, 4.28033, 0.0920368
1.78412, 4.28399, 0.882711
1.43777, 4.09766, 0.0697553
1.61763, 4.23933, 6.44744
1.67404, 4.23173, 6.19915
1.72475, 4.07233, 5.05217
1.64596, 4.04542, 1.60542
1.67171, 4.06206, 1.37806
1.60828, 4.10515, 3.91197
1.61694, 4.11948, 9.78169
1.61269, 4.12216, 15.0874
1.65256, 4.07597, 5.0851
1.64471, 4.08365, 11.0618
1.63729, 4.10601, 14.0356
1.64504, 4.09487, 14.2159
1.64852, 4.10458, 10.1256
@@@,@@@,@@@
0.0579998, 4.70162, 104.053
-0.200983, 4.48379, 0.243636
-0.0923678, 4.42247, 0.434769
-0.233431, 4.60926, 0.86486
-0.0671944, 4.76609, 0.169955
-0.0650774, 4.75187, 0.295661
-0.0208172, 4.75693, 0.128854
0.144946, 4.72744, 1.80509
0.0636415, 4.73682, 7.56945
0.0810441, 4.71963, 17.5395
0.0886984, 4.71497, 0.587077
0.0387403, 4.72298, 6.99841
0.0607645, 4.72511, 0.543145
0.0549098, 4.72291, 8.92616
0.0759708, 4.69582, 1.75252
0.0614946, 4.70389, 11.9041
0.0625901, 4.67537, 13.7966
0.063441, 4.68598, 7.9187
0.0494063, 4.68831, 22.6216
@@@,@@@,@@@
1.41521, 4.46205, 105.55
1.45715, 4.85367, 0.877135
1.12654, 4.18452, 0.290515
1.60979, 4.72796, 0.314657
1.2803, 4.16975, 0.380811
1.74231, 4.53891, 2.92815
1.63283, 4.70257, 0.421006
1.42081, 4.75659, 3.68279
1.33582, 4.70816, 3.82641
1.53278, 4.66436, 1.73554
1.25223, 4.65168, 1.29141
1.28722, 4.18619, 0.445767
1.48294, 4.66502, 0.442654
1.45998, 4.18523, 0.0970361
1.82821, 4.66886, 0.436585
1.44903, 4.62244, 1.57565
1.5499, 4.549, 0.742517
1.29214, 4.25008, 0.26447
1.54116, 4.24462, 1.28268
1.21596, 4.36716, 0.882755
1.24133, 4.35187, 0.263962
1.24419, 4.37842, 0.886226
1.50504, 4.33305, 3.47547
1.47433, 4.3596, 12.9557
1.44279, 4.33503, 2.97451
1.28667, 4.54771, 1.06941
1.39199, 4.35353, 1.0216
1.42183, 4.36634, 0.601182
1.31352, 4.38829, 4.19148
1.41263, 4.52166, 0.666131
1.30826, 4.42052, 2.51118
1.40052, 4.50331, 1.87232
1.3977, 4.42878, 3.13313
1.3857, 4.46921, 7.03934
1.38864, 4.46894, 8.1555
1.37143, 4.46106, 9.74027
1.38555, 4.44734, 1.03402
1.36243, 4.43655, 12.3266
1.36265, 4.45095, 10.4347
@@@,@@@,@@@
2.20576, 1.83034, 104.269
2.37461, 1.8957, 0.827747
2.06727, 1.64581, 0.954035
2.15503, 1.69449, 5.7223
2.12349, 1.71165, 2.54801
2.08542, 1.79209, 11.102
2.21893, 1.71279, 3.33086
2.24615, 1.75536, 2.14249
2.15253, 1.7973, 3.0336
2.17892, 1.84451, 10.8349
2.1778, 1.87405, 1.92387
2.24774, 1.86732, 27.4926
2.22707, 1.85989, 34.5208
@@@,@@@,@@@
-0.526124, 3.40313, 105.384
-0.739343, 3.0238, 0.202615
-0.959873, 3.57357, 0.245593
-0.649381, 3.05369, 0.0502391
-0.18437, 3.53171, 0.0810298
-0.243207, 3.63208, 0.10773
-1.01694, 3.53549, 0.185544
-0.611459, 3.0869, 1.98528
-0.471117, 3.10061, 0.0857631
-0.257128, 3.41392, 0.261454
-0.595162, 3.54079, 5.97665
-0.648685, 3.34006, 2.37771
-0.515983, 3.5478, 0.097879
-0.581491, 3.52708, 0.243688
-0.430703, 3.4645, 1.60209
-0.575426, 3.50028, 2.17771
-0.543546, 3.31649, 0.212346
-0.818763, 3.44546, 0.0937591
-0.533524, 3.42855, 0.841253
-0.539388, 3.36754, 2.08872
-0.505316, 3.41735, 18.6168
-0.503508, 3.3984, 9.36276
-0.498726, 3.39027, 21.8976
-0.526194, 3.40064, 25.4701
-0.526204, 3.38545, 11.3341
@@@,@@@,@@@
-1.50479, 2.00103, 103.192
-1.24443, 1.77673, 0.311873
-1.12269, 1.91937, 2.75536
-1.27021, 1.71638, 2.27323
-1.40355, 2.10167, 0.152732
-1.15552, 2.07055, 1.14622
-1.86357, 1.71977, 0.23101
-1.23157, 2.16192, 0.257142
-1.83571, 2.02154, 0.171542
-1.39293, 1.75602, 0.0495352
-1.59349, 1.74839, 0.610777
-1.48236, 2.24504, 1.56035
-1.48163, 2.24074, 0.751986
-1.31047, 2.03862, 1.33885
-1.37071, 2.14333, 0.511779
-1.4388, 1.89626, 0.651257
-1.45439, 1.98383, 1.38802
-1.47214, 1.97496, 2.23776
-1.52096, 2.06813, 1.91049
-1.49403, 2.04496, 7.13952
-1.5077, 1.98873, 16.3234
-1.5103, 1.99945, 5.17339
-1.53241, 2.0254, 14.8391
-1.54176, 1.9982, 38.9278
-1.52806, 2.00461, 2.71983
@@@,@@@,@@@
-1.42116, 5.3348, 107.717
-1.08404, 5.38391, 0.291702
-1.6195, 5.07854, 0.161737
-1.97916, 5.41569, 0.160169
-1.69059, 5.49478, 0.388314
-1.26893, 5.17633, 0.373058
-1.27918, 5.2229, 3.04577
-1.23731, 5.38943, 0.727953
-1.27127, 5.22407, 0.074932
-1.45301, 5.24035, 1.69885
-1.48232, 5.27973, 12.7333
-1.4518, 5.26206, 0.458642
-1.44113, 5.37955, 5.04775
-1.44266, 5.32316, 1.54054
-1.39038, 5.35379, 16.2209
-1.39621, 5.36103, 1.52839
-1.40987, 5.34535, 19.6286
-1.42108, 5.34027, 20.7211
-1.42498, 5.34949, 22.992
@@@,@@@,@@@
0.612743, 6.07975, 106.126
0.871122, 5.80036, 2.38329
1.17429, 0.155448, 0.409596
0.352503, 5.87283, 0.658216
0.302791, 6.15883, 0.56847
0.371792, 5.93211, 1.29132
0.696571, 5.85607, 0.227183
0.431441, 5.94956, 2.37874
0.605579, 5.88128, 7.27095
0.785176, 6.1104, 2.17295
0.6252, 5.95148, 9.92652
0.739029, 6.054, 1.57911
0.74812, 6.12037, 2.70337
0.709609, 6.20507, 2.68581
0.724952, 6.15689, 3.60334
0.701954, 6.05651, 6.84343
0.597437, 6.00106, 3.32113
0.677737, 6.16029, 4.01453
0.572581, 6.2367, 3.84376
0.566565, 6.0504, 2.33738
0.585047, 6.06116, 4.5984
0.562915, 6.07568, 5.65532
0.576877, 6.0909, 4.46378
0.516736, 6.13741, 10.582
0.600476, 6.15442, 0.756224
0.582567, 6.13871, 1.75842
0.543045, 6.15755, 5.40455
0.572466, 6.18057, 15.3136
@@@,@@@,@@@
2.43973, 5.75841, 100.05
2.45319, 5.48041, 3.83479
2.3589, 5.52402, 0.695715
2.36532, 5.50325, 10.9339
2.23035, 5.94798, 0.659165
2.34904, 5.60204, 0.193659
2.46323, 5.59695, 0.881086
2.32132, 5.9463, 1.22231
2.45863, 5.63396, 0.202049
2.37341, 5.78911, 3.41936
2.37788, 5.79291, 7.92181
2.49059, 5.83718, 6.89823
2.43091, 5.83455, 1.1137
2.4398, 5.8427, 11.0445
2.45098, 5.83845, 11.5194
2.43541, 5.80531, 5.32524
2.43344, 5.81053, 1.86527
2.43816, 5.75437, 4.89462
2.43843, 5.77033, 4.75162
2.48243, 5.77931, 2.43607
2.46401, 5.78359, 20.9291
@@@,@@@,@@@
1.44168, 1.45828, 108.635
1.27962, 1.71353, 0.194392
1.19381, 1.60392, 0.732911
1.44566, 1.73442, 0.629646
1.24158, 1.26076, 0.449457
1.16923, 1.44726, 0.990512
1.29707, 1.63924, 0.735464
1.31499, 1.60998, 3.66855
1.24999, 1.46198, 3.05406
1.28116, 1.51064, 3.28355
1.27646, 1.47214, 2.62937
1.40047, 1.26463, 1.60116
1.40392, 1.61021, 1.81441
1.57192, 1.60267, 0.621633
1.51794, 1.31801, 1.89371
1.40986, 1.38637, 4.62896
1.55793, 1.40838, 5.36913
1.43032, 1.38996, 1.32083
1.43348, 1.50615, 7.22974
1.89824, 1.45884, 0.358714
1.51666, 1.51632, 2.29166
1.44644, 1.41074, 3.04249
1.48991, 1.49458, 1.78458
1.46216, 1.4133, 8.08543
1.45512, 1.46018, 12.2179
1.49952, 1.42117, 1.54508
1.4828, 1.44175, 7.24222
1.49843, 1.44467, 22.7378
1.50629, 1.45208, 4.92111
1.09884, 1.51598, 3.36749
1.08435, 1.52477, 0.432234
@@@,@@@,@@@
-0.428247, 1.17841, 100.384
-0.870718, 1.47971, 0.437091
-0.678129, 1.43019, 0.897249
-0.640699, 0.907399, 0.413567
-0.320445, 0.972213, 0.703644
-0.641744, 1.32194, 0.242379
-0.695711, 1.28894, 0.384613
-0.60713, 1.35103, 2.11727
-0.364479, 1.41833, 1.76688
-0.496105, 1.3926, 1.02686
-0.423292, 1.39468, 2.20729
-0.290872, 1.35028, 0.422597
-0.295935, 1.32142, 0.732045
-0.431353, 1.34109, 5.71701
-0.467413, 1.32812, 8.19918
-0.472278, 1.31373, 1.36619
-0.613313, 1.09539, 0.775408
-0.571643, 1.22446, 1.65916
-0.912204, 1.29625, 0.195001
-0.304324, 1.26756, 0.297513
-0.434306, 1.2884, 2.76512
-0.390854, 1.26872, 5.97375
-0.36348, 1.25918, 0.918136
-0.250493, 1.05678, 0.773663
-0.27785, 1.1575, 2.16347
-0.519272, 1.15971, 1.72515
-0.493126, 1.18446, 2.4325
-0.342863, 1.1973, 1.17601
-0.439276, 0.992236, 0.608253
-0.344346, 1.15878, 0.759379
-0.432498, 1.16825, 0.613251
-0.400706, 1.15677, 7.54133
-0.380269, 1.14215, 1.85317
-0.449792, 1.06214, 8.57512
-0.421207, 1.11, 0.208871
-0.398761, 1.02243, 1.32838
-0.41012, 1.04675, 6.99011
-0.416388, 1.0908, 4.3101
-0.397905, 1.08669, 6.80063
-0.376886, 1.09356, 2.1167
-0.358539, 1.06711, 11.956
@@@,@@@,@@@
-0.373684, 0.890957, 106.453
-0.607674, 0.604731, 0.609908
-0.287826, 0.53624, 0.853562
-0.501845, 0.57825, 0.235589
-0.58426, 0.763338, 1.16451
-0.478739, 0.721186, 0.0638404
-0.502235, 0.749643, 3.43572
-0.54051, 0.79555, 1.55655
-0.364908, 0.969353, 0.670547
-0.328043, 0.865129, 9.31434
-0.368298, 0.881384, 18.2901
-0.378419, 0.885182, 7.30033
-0.36306, 0.905574, 22.6356
-0.370608, 0.919639, 0.408975
-0.361913, 0.92368, 23.6071
-0.364829, 0.928747, 16.4805
@@@,@@@,@@@
-0.363565, 2.72509, 100.619
-0.534322, 3.07475, 2.36258
-0.53186, 2.37539, 0.165271
-0.599616, 2.39942, 0.181587
-0.673733, 2.82172, 1.01294
-0.567528, 2.56419, 1.49988
-0.541639, 2.69081, 0.218721
-0.218779, 2.7836, 3.13979
-0.343121, 2.74297, 1.47015
-0.368182, 2.74797, 38.3065
-0.37346, 2.73321, 14.1436
-0.33387, 2.67612, 32.3394
-0.337063, 2.69802, 6.02245
@@@,@@@,@@@
-0.746181, 5.86754, 100.622
-0.567138, 6.19239, 1.31183
-0.702282, 6.23188, 0.649293
-1.06772, 6.03684, 1.51476
-0.755954, 5.50875, 0.519979
-0.855525, 6.19532, 0.396345
-1.06784, 5.93338, 0.0221351
-1.02453, 5.95154, 0.047374
-0.667548, 5.6203, 0.0955861
-1.05297, 5.85159, 0.945683
-0.612707, 6.00965, 0.503838
-0.563177, 5.81582, 1.75936
-0.791595, 5.70434, 0.0787512
-0.858549, 5.93838, 3.92043
-0.881125, 5.87906, 6.47869
-0.620056, 5.9281, 0.103611
-0.784449, 5.93503, 5.16392
-0.766433, 5.92819, 5.27068
-0.766993, 5.91596, 2.8019
-0.784721, 5.88615, 5.37393
-0.789663, 5.85966, 5.24601
-0.78416, 5.82966, 6.48417
-0.748355, 5.86749, 1.80483
-0.719184, 5.80665, 9.74391
-0.71199, 5.83595, 7.04992
-0.669648, 5.86908, 3.73147
-0.689143, 5.83794, 0.993551
-0.671703, 5.84555, 8.75412
-0.67302, 5.83138, 20.1334
@@@,@@@,@@@
2.1638, 0.707482, 106.177
2.17257, 0.311547, 1.00547
2.03192, 1.08545, 0.0549369
2.46766, 0.537527, 0.174707
2.01788, 0.90118, 0.220302
1.98357, 0.421539, 0.625633
1.89823, 0.895693, 0.121008
2.43648, 0.512124, 0.320091
2.14654, 0.448141, 4.70672
2.19871, 0.990273, 0.309071
1.9064, 0.754699, 0.152407
2.36691, 0.892121, 0.86995
2.03369, 0.528834, 0.227112
2.37091, 0.633054, 2.09921
2.15381, 0.541014, 0.287151
2.21169, 0.533406, 5.8669
2.36959, 0.808285, 3.42526
2.31124, 0.75126, 0.131737
2.29524, 0.665436, 0.767278
2.19526, 0.609759, 0.362642
2.2407, 0.677709, 1.19008
2.23593, 0.69139, 5.56604
2.14748, 0.646974, 8.94191
2.12541, 0.645221, 4.15404
2.16333, 0.668662, 1.23402
2.07477, 0.673892, 0.554428
2.05532, 0.7862, 1.78355
2.16528, 0.717895, 4.65308
2.12629, 0.736183, 4.39395
2.12227, 0.766159, 34.2753
2.12325, 0.771466, 18.2626
@@@,@@@,@@@
-0.913431, 4.62566, 108.254
-0.591018, 4.59322, 3.56862
-1.08092, 4.86182, 0.896852
-1.01613, 4.64674, 0.725306
-0.937279, 4.6864, 3.45021
-0.871443, 4.6665, 1.37894
-0.883513, 4.598, 2.73191
-0.960989, 4.63286, 2.79446
-0.953061, 4.60528, 8.00534
-0.90872, 4.65803, 2.06261
-0.898256, 4.59979, 2.52334
-0.899581, 4.64067, 4.99679
-0.917131, 4.64496, 7.17687
-0.914796, 4.63197, 21.0077
-0.932967, 4.61957, 3.27981
-0.923947, 4.61671, 24.2627
-0.918792, 4.61192, 19.4371
@@@,@@@,@@@
0.113667, 0.902985, 106.221
-0.49784, 0.745255, 0.403157
-0.0314695, 0.59303, 1.16986
-0.00077687, 0.605745, 0.0965485
0.0606519, 1.01141, 1.63541
0.191419, 0.827348, 4.22322
0.194588, 0.911885, 2.15976
0.145047, 0.938155, 4.12985
0.118662, 0.948121, 7.08241
0.0984994, 0.890859, 1.49833
0.0997688, 0.894068, 6.43605
0.0967608, 0.902917, 12.0997
0.0899936, 0.901084, 19.5537
0.130148, 0.891093, 12.1383
0.126833, 0.91611, 23.285
0.124144, 0.908641, 10.4094
@@@,@@@,@@@
-0.221183, 4.16294, 109.753
-0.219902, 3.86802, 0.355167
-0.27223, 3.88875, 0.300701
-0.383724, 4.38194, 0.462805
-0.274966, 4.07952, 2.10771
-0.190794, 4.07331, 3.63921
-0.195833, 4.18174, 3.54418
-0.216618, 4.16127, 65.6049
-0.228228, 4.1821, 11.2976
-0.229983, 4.1827, 4.40389
-0.230034, 4.18089, 18.103
@@@,@@@,@@@
0.784616, 0.393449, 100.108
0.653409, 0.730126, 0.536134
0.470117, 0.51632, 4.15388
0.672744, 0.0880621, 0.137754
0.582955, 0.422491, 0.343736
0.502876, 0.456396, 5.15437
0.543148, 0.441652, 6.48077
0.541164, 0.438811, 7.40302
1.02675, 0.586155, 2.20031
0.772343, 0.119397, 0.295292
0.635143, 0.338465, 0.573537
0.663452, 0.277951, 4.27132
0.759438, 0.318376, 0.459781
0.799534, 0.3214, 4.25215
0.86664, 0.424527, 2.48482
0.876369, 0.32944, 2.86914
0.83521, 0.365096, 6.09897
0.880865, 0.35348, 6.16286
0.865658, 0.36913, 10.0295
0.879248, 0.379008, 12.627
0.866707, 0.389048, 5.59035
0.873977, 0.386422, 18.1894
@@@,@@@,@@@
-0.624058, 0.381237, 104.291
-0.66621, 0.751447, 0.70499
-0.512859, 0.149704, 1.90837
-0.394985, 0.434189, 3.08658
-0.811484, 0.332939, 1.26787
-1.23245, 0.238015, 0.572685
-0.619838, 0.560448, 0.323596
-0.477735, 0.469502, 2.89181
-0.58684, 0.496187, 2.83799
-0.636428, 0.256102, 0.914291
-0.697922, 0.336918, 1.93269
-0.61648, 0.318917, 0.150313
-0.590669, 0.414978, 0.752437
-0.662863, 0.378434, 7.89401
-0.617062, 0.368788, 39.6513
-0.634616, 0.386927, 39.1627
-0.645454, 0.3836, 0.398757
@@@,@@@,@@@
-0.235027, 3.94048, 105.897
-0.482876, 3.61454, 0.181166
0.0949121, 3.97986, 1.21653
-0.37214, 3.67282, 0.188811
-0.279767, 3.66172, 0.995153
-0.0207147, 4.01653, 1.30092
-0.0849372, 4.04263, 4.68586
-0.0956383, 3.97131, 1.77703
-0.104029, 3.93265, 2.11995
-0.23831, 4.02289, 0.693017
-0.306282, 3.88249, 1.39673
-0.216422, 3.9784, 0.699512
-0.247267, 3.94278, 3.6454
-0.219037, 3.93107, 5.75317
-0.227465, 3.94038, 12.5598
-0.220236, 3.94914, 9.64889
-0.268688, 3.90758, 8.19731
-0.257401, 3.91603, 16.8639
-0.259864, 3.92837, 3.06237
-0.297062, 3.93855, 4.18236
-0.270115, 3.95568, 25.8433
-0.264484, 3.9548, 0.989279
@@@,@@@,@@@
0.455512, 0.902574, 107.516
0.624941, 0.555679, 3.17422
0.284509, 1.12061, 4.27411
0.548252, 0.657097, 1.16261
1.80717, 1.06302, 0.109332
0.411284, 1.07455, 2.48877
0.386577, 1.05947, 8.73692
0.575244, 0.793034, 0.855615
0.580097, 0.873757, 4.96872
0.436653, 1.00175, 9.04933
0.431569, 0.99422, 0.544831
0.533434, 0.962107, 3.15431
0.539487, 0.93946, 0.558611
0.555173, 0.861845, 4.14603
0.42376, 0.766027, 1.67187
0.521387, 0.828042, 0.524583
0.504055, 0.833293, 3.04992
0.487145, 0.820947, 1.70018
0.468133, 0.808053, 3.83422
0.396296, 0.833437, 7.63639
0.389147, 0.896097, 10.5018
0.467236, 0.830375, 1.19183
0.488206, 0.881572, 5.45349
0.4425, 0.919722, 2.87007
0.431364, 0.896867, 9.72017
0.451439, 0.882307, 16.7463
@@@,@@@,@@@
0.340476, 3.91901, 101.752
0.667357, 3.60245, 0.228296
0.287536, 4.29451, 0.396399
0.396311, 4.26045, 4.33523
0.648898, 4.03544, 0.0668525
0.327032, 4.2414, 0.101454
0.958514, 3.67908, 0.0422849
0.266982, 3.94972, 9.0166
0.221128, 3.84241, 0.371904
0.233321, 3.91472, 0.96309
0.201341, 3.90502, 6.21178
0.220118, 3.89196, 13.6107
0.228607, 3.89751, 3.66676
0.354414, 4.03202, 2.88924
0.34214, 3.84612, 0.821293
0.388563, 3.80155, 0.962546
0.402608, 3.80833, 1.93652
0.407009, 3.87266, 6.48447
0.394674, 3.87762, 1.93523
0.369761, 3.84896, 4.04124
0.392915, 3.8252, 1.14621
0.393131, 3.84768, 8.8109
0.39285, 3.84506, 8.22131
0.561413, 3.93065, 0.166248
0.386896, 3.94369, 17.6349
0.397489, 3.96373, 8.11996
@@@,@@@,@@@
-0.890669, 3.2586, 101.39
-0.718639, 3.60619, 0.210823
-0.906804, 3.34557, 4.67477
-0.941053, 3.27132, 12.8191
-0.901331, 3.21235, 22.6213
-0.825982, 3.27845, 4.47151
-0.87047, 3.23095, 20.6016
-0.85617, 3.32215, 0.964951
-0.857078, 3.29779, 3.03792
-0.892796, 3.26936, 6.00954
-0.882025, 3.28096, 20.0392
-0.889555, 3.29068, 6.01671
@@@,@@@,@@@
-2.13344, 3.10248, 108.199
-2.48783, 3.00077, 0.1122
-2.38783, 2.89247, 0.798988
-2.45691, 2.93921, 0.372698
-2.28008, 3.25935, 0.592861
-2.32386, 3.09607, 1.07759
-2.0644, 3.25444, 0.0802592
-2.22196, 3.04143, 9.78482
-2.08818, 3.19024, 1.15149
-2.06492, 3.05403, 6.74425
-2.14694, 3.17337, 4.58667
-2.15071, 3.05728, 5.39816
-2.08958, 3.05277, 0.472466
-2.16167, 3.10645, 3.88263
-2.12098, 3.08517, 18.9422
-2.08825, 3.10634, 12.4975
-2.1239, 3.12832, 16.9111
-2.12075, 3.12024, 13.108
-2.10191, 3.14431, 10.4678
-2.09737, 3.14981, 1.31833
@@@,@@@,@@@
0.524157, 4.22832, 109.592
0.176247, 4.14805, 0.236693
0.239617, 4.43344, 1.34426
0.486327, 4.57235, 1.05163
0.336502, 4.47748, 0.238527
0.76827, 4.38333, 3.07972
0.303147, 4.29867, 1.27207
0.512004, 4.00585, 1.67284
0.398062, 4.34, 1.22719
0.571326, 4.06806, 0.11856
0.405256, 4.1995, 0.329281
0.669922, 4.23874, 0.120248
0.690122, 4.20602, 0.534589
0.425969, 4.14527, 2.65131
0.539872, 4.12245, 11.0081
0.529933, 4.3328, 2.50845
0.514175, 4.29809, 5.60172
0.497783, 4.29344, 1.26844
0.52302, 4.15417, 0.613918
0.521476, 4.16767, 6.20317
0.578191, 4.19792, 0.699739
0.56762, 4.23274, 10.4603
0.512433, 4.18605, 7.00127
0.538083, 4.26484, 6.71813
0.500295, 4.2524, 3.59029
0.529597, 4.24782, 4.52425
0.512089, 4.22753, 28.8695
0.523727, 4.22571, 6.96312
@@@,@@@,@@@
-0.204781, 5.21157, 108.389
-0.587382, 5.0995, 0.136433
0.180257, 5.18502, 0.367405
-0.291484, 4.97889, 1.29994
-0.164819, 5.25439, 7.18335
-0.192718, 5.24275, 1.76056
-0.186569, 5.19747, 6.70654
-0.185051, 5.21909, 16.7417
-0.229618, 5.22098, 14.3276
-0.210015, 5.2203, 24.8445
-0.207122, 5.20686, 7.75602
-0.212607, 5.19752, 27.3135
@@@,@@@,@@@
1.71337, 4.32791, 101.804
1.70347, 4.71357, 0.756666
1.4468, 4.20441, 0.150677
1.74564, 4.14347, 0.203879
1.54447, 4.43955, 3.83101
1.66281, 4.4477, 2.92893
1.71385, 4.3164, 2.8469
1.69435, 4.27951, 9.91711
1.71467, 4.33579, 15.3836
1.72585, 4.31926, 59.3518
1.72666, 4.31247, 6.55368
@@@,@@@,@@@
0.680722, 5.74981, 100.076
0.991571, 5.93121, 0.0749772
0.768103, 5.40884, 0.121776
0.744898, 6.04179, 0.123368
0.69177, 5.49062, 0.20652
0.839435, 5.5648, 0.159922
0.91754, 5.82527, 0.48338
0.61074, 5.56072, 6.954
0.742802, 5.60015, 6.47515
0.661141, 5.96262, 0.136918
0.508439, 5.71096, 2.15443
0.79823, 5.68528, 1.51966
1.89421, 5.83734, 0.0385626
0.665313, 5.6928, 0.287298
0.707735, 5.68396, 4.14518
0.684005, 5.88674, 1.654
0.686393, 5.70977, 2.56315
0.658861, 5.72228, 10.2299
0.658174, 5.75824, 0.357289
0.716521, 5.84233, 1.37989
0.671231, 5.79767, 22.1078
0.681091, 5.79376, 36.8345
0.687483, 5.79194, 2.39736
@@@,@@@,@@@
-0.226245, 0.582292, 106.287
0.163201, 0.613413, 0.452528
0.120841, 0.569266, 2.6806
-0.426678, 0.834471, 0.472957
-0.409986, 0.814196, 0.99934
-0.342359, 0.828065, 0.232758
-0.318738, 0.368223, 0.124801
-0.422752, 0.578804, 0.232438
-0.303639, 0.695673, 0.176048
-0.108304, 0.556217, 3.8682
-0.29788, 0.66912, 1.24268
-0.245059, 0.562386, 2.45501
-0.238337, 0.564929, 4.09109
-0.233179, 0.541251, 18.8167
-0.229357, 0.552157, 18.2688
-0.221954, 0.592328, 0.298535
-0.240867, 0.602095, 48.0837
-0.240142, 0.609127, 3.88643
@@@,@@@,@@@
-1.61115, 1.06376, 104.2
-1.26754, 0.854763, 0.614975
-1.50826, 0.737713, 0.263112
-1.30562, 0.828677, 0.280061
-1.26508, 1.21497, 1.4847
-1.92843, 0.874045, 0.383192
-1.74593, 1.40618, 0.654122
-1.3148, 1.23361, 1.89736
-1.53899, 0.720864, 0.0823911
-1.49712, 0.736176, 0.0310171
-1.86866, 1.22046, 0.562942
-1.87042, 1.07942, 0.213611
-1.37869, 1.00016, 1.87597
-1.67401, 0.823591, 0.89902
-1.83046, 0.967569, 0.727205
-1.55425, 0.885062, 0.224179
-1.53276, 1.18519, 0.952408
-1.75906, 1.09824, 0.143223
-1.53572, 0.963539, 3.36181
-1.55523, 0.953088, 1.45797
-1.7466, 1.04098, 1.45515
-1.53574, 1.15228, 3.42171
-1.70468, 0.992307, 3.03445
-1.72316, 1.05869, 0.565947
-1.6268, 0.968515, 1.84827
-1.60419, 0.990715, 4.04191
-1.68749, 1.03642, 7.16398
-1.69346, 1.07517, 4.50165
-1.68486, 1.06336, 3.51685
-1.53433, 1.10061, 3.248
-1.60957, 1.01189, 4.06635
-1.56187, 1.03689, 6.08323
-1.56199, 1.02627, 0.909787
-1.65896, 1.03874, 0.696178
-1.56778, 1.07625, 6.97641
-1.61041, 1.05471, 6.49492
-1.6296, 1.05735, 3.61606
-1.60185, 1.10562, 10.0854
-1.5907, 1.12279, 2.49372
-1.65468, 1.12736, 2.51244
-1.63752, 1.10584, 11.6493
@@@,@@@,@@@
1.63075, 0.384707, 105.255
1.88735, 0.101936, 0.142159
1.81991, 0.112339, 0.761361
1.86804, 0.22832, 0.992183
1.6049, 0.645667, 2.38519
1.95226, 0.465355, 2.14344
1.78892, 0.330768, 2.75302
1.61701, 0.561597, 1.93399
1.69455, 0.452063, 1.82539
1.69727, 0.313101, 0.0999162
1.86299, 0.29881, 0.181807
1.66135, 0.417962, 2.51174
1.59334, 0.412483, 13.6907
1.59555, 0.379016, 25.4646
1.59871, 0.354808, 3.20083
1.63176, 0.363531, 4.87001
1.61302, 0.363711, 27.6796
1.6234, 0.369851, 14.8087
@@@,@@@,@@@
0.470075, 4.79698, 102.447
0.699014, 5.09726, 1.60665
0.821028, 4.90127, 0.333333
0.184685, 4.90333, 0.294984
0.544683, 4.61097, 0.512691
0.541753, 4.77551, 4.75159
0.493461, 4.75823, 12.9291
0.483543, 4.82312, 8.75744
0.478911, 4.80456, 4.64757
0.435135, 4.8137, 0.523402
0.449496, 4.79405, 58.7469
0.458604, 4.80289, 9.44218
@@@,@@@,@@@
1.18034, 0.205457, 103.51
1.10281, 0.0824658, 0.82522
1.4913, 6.26768, 0.086305
1.34438, 0.565772, 0.428727
0.793618, 0.244539, 0.113245
1.1023, 0.450833, 0.647572
1.12888, 6.17409, 0.19848
1.11411, 0.506421, 0.195176
0.925425, 0.0642509, 0.450307
1.24189, 6.2306, 0.0591529
1.32065, 6.2798, 0.262493
0.952462, 0.108924, 0.512552
0.992794, 0.339008, 0.750296
1.39185, 0.36049, 0.41724
0.980598, 0.163295, 1.20954
1.28619, 0.0447735, 0.547723
1.20548, 0.0278042, 0.0668711
1.24577, 0.0493123, 3.94119
1.32926, 0.140793, 5.96522
1.10442, 0.0491904, 0.108054
1.37247, 0.221614, 0.41968
1.30396, 0.160746, 1.68492
1.07023, 0.162273, 2.37426
1.30748, 0.163698, 0.356291
1.10098, 0.167518, 8.95663
1.16316, 0.278921, 3.06931
1.18364, 0.251998, 18.3085
1.18104, 0.22742, 23.7973
1.1661, 0.202608, 27.9733
@@@,@@@,@@@
0.921774, 1.20286, 107.21
1.27469, 1.35353, 0.070428
1.28286, 1.30348, 0.134393
1.17641, 1.41414, 2.52218
0.616616, 1.29022, 1.01839
0.693815, 1.38319, 0.656473
1.08635, 1.30491, 0.0235885
0.822221, 1.37244, 0.0187528
0.767338, 1.28965, 0.103807
0.96703, 1.27373, 5.95501
0.985677, 1.13508, 3.89943
1.00272, 1.20931, 0.0839295
0.81934, 1.19013, 0.188061
0.857854, 1.2155, 0.522718
0.920038, 1.27106, 1.74145
0.923263, 1.1533, 3.06883
0.888672, 1.16762, 5.5158
0.885134, 1.1888, 22.3631
0.922636, 1.20843, 1.24532
0.910694, 1.20844, 25.2615
0.951089, 1.18092, 3.74755
0.929433, 1.1871, 29.1849
@@@,@@@,@@@
0.689673, 0.302005, 108.521
1.00998, 0.464435, 0.778899
0.508546, 0.61653, 0.136069
0.998065, 0.486796, 2.06739
0.870478, 0.537017, 13.6637
0.883884, 0.520131, 2.86841
0.936497, 0.37023, 2.98095
0.517304, 0.536177, 3.10514
0.86649, 0.421412, 0.812523
0.94662, 0.203655, 2.83582
0.818324, 0.182559, 0.264252
0.691843, 0.299929, 2.66739
0.671428, 0.300495, 7.8229
0.625816, 0.213204, 8.63071
0.610936, 0.249938, 6.64586
0.601471, 0.240918, 16.0371
0.591124, 0.230537, 8.26683
0.60147, 0.222451, 29.7334
@@@,@@@,@@@
1.29449, 5.19109, 100.174
1.51957, 5.56672, 0.236562
1.51861, 4.90834, 0.600872
1.61009, 5.28331, 0.0446693
1.57424, 5.30027, 3.3276
1.09765, 5.31615, 0.284778
1.9853, 5.40279, 0.619809
1.4098, 5.39986, 0.20095
1.44861, 5.119, 3.01966
1.15834, 5.27622, 1.43627
1.31073, 5.07607, 3.24891
1.16078, 5.21556, 2.48899
1.21649, 5.20442, 1.48604
1.29797, 5.18228, 11.1625
1.26837, 5.19534, 59.9401
1.26274, 5.16961, 12.1967
@@@,@@@,@@@
-0.157441, 1.01296, 104.865
0.371311, 1.27926, 0.139362
-0.775502, 0.692843, 0.19657
0.0936828, 0.7871, 0.0615424
0.148248, 1.01511, 1.75669
0.0897789, 0.858637, 0.863706
-0.0583908, 0.877606, 4.97354
-0.0443964, 0.952305, 2.22389
-0.256697, 0.926958, 2.09225
-0.216163, 1.12994, 0.656489
-0.245782, 0.962978, 1.41677
-0.193324, 0.93913, 2.0904
-0.153758, 1.11635, 0.402483
-0.222751, 1.059, 3.48466
-0.163885, 0.993426, 11.202
-0.179301, 1.06114, 0.337365
-0.197837, 1.03134, 1.39954
-0.158422, 1.02516, 21.4182
-0.168225, 1.03245, 41.5311
-0.173027, 1.03653, 8.73533
@@@,@@@,@@@
-2.04064, 5.27554, 106.784
-1.87582, 5.60268, 0.26857
-1.9149, 5.61314, 0.769721
-1.7886, 5.15841, 0.603001
-2.20001, 5.38027, 0.874699
-2.16149, 5.18332, 4.80138
-2.18538, 5.28384, 2.03947
-2.17678, 5.24603, 0.111082
-2.08029, 5.15395, 0.508638
-1.99433, 5.19047, 8.35715
-1.94569, 5.25774, 6.72186
-2.06239, 5.31214, 30.6719
-1.98661, 5.29138, 1.13793
-2.0275, 5.26672, 42.644
-2.0319, 5.30165, 7.42181
@@@,@@@,@@@
1.72427, 3.3161, 102.238
1.83072, 2.99153, 0.558808
1.53263, 3.21704, 0.735186
1.56355, 3.16819, 0.834132
1.86259, 3.4257, 3.80013
1.58875, 3.34128, 2.28095
1.80829, 3.23805, 2.73891
1.80416, 3.29524, 16.2612
1.74349, 3.25698, 0.419777
1.63333, 3.29988, 5.6748
1.75656, 3.34639, 4.59648
1.67772, 3.33779, 21.8263
1.73991, 3.31967, 5.62569
1.70583, 3.31777, 10.7752
1.71231, 3.31303, 26.1968
